"","lambdas","alpha_intra","alpha_generic","gamma_H_generic","gamma_FV_generic","focal","year","complexity.plant","complexity.animal"
"1",0.85727019173551,-0.0216781332367391,-0.0439741683865041,-0.105622819043731,-0.0182781083445341,"LEMA","All","family","family"
"2",0.867320381709162,0.0836310772060294,-0.0746002329062774,-0.0640508564301796,0.0406001134250734,"LEMA","All","family","family"
"3",0.861596323360297,0.15218101257665,-0.0619317310037402,-0.0979664440571703,0.00491926502522719,"LEMA","All","family","family"
"4",0.86753214294826,-0.127097315045992,-0.0500845739458677,0.0111824712157272,0.00200254763665123,"LEMA","All","family","family"
"5",0.864959281748833,0.215217323256146,-0.0220381680801319,-0.0820038969289387,-0.0374950370766263,"LEMA","All","family","family"
"6",0.851037660022017,0.0126601037465257,0.0194584744851922,-0.0855811918212269,0.0926914399651376,"LEMA","All","family","family"
"7",0.857831259875084,0.0122329971626851,-0.0242759846271731,-0.0148595558323785,0.0117145117715698,"LEMA","All","family","family"
"8",0.866626221352342,-0.197264475815695,0.00874404496823655,-0.0269244677274827,0.0043863904496918,"LEMA","All","family","family"
"9",0.851628719624715,-0.0315324353381642,0.0471307405329024,-0.00870030601165873,0.0745856708126417,"LEMA","All","family","family"
"10",0.871309561398267,-0.0531498611760481,-0.0389208222466134,-0.0673150769547096,-0.039067867867828,"LEMA","All","family","family"
"11",0.842902975539824,0.0509188604398896,0.0789042874386618,-0.0684388187466605,-0.0100682483961085,"LEMA","All","family","family"
"12",0.879816593133125,-0.214065438087893,-0.0788182576698442,-0.182920392497073,0.0573174525789371,"LEMA","All","family","family"
"13",0.857070809633587,-0.128343424302493,-0.0338275315663249,-0.0270270049420107,0.0735146534660629,"LEMA","All","family","family"
"14",0.857273892217617,-0.0826037498553089,0.0129012483739099,-0.0945975217371882,0.0796589378072042,"LEMA","All","family","family"
"15",0.857415659040492,-0.103482770724197,-0.0303399133749217,0.0375974874728234,0.0813264071157772,"LEMA","All","family","family"
"16",0.865127117259112,0.0881411656730262,-0.021561906038533,0.00833153296132324,-0.0265160145964972,"LEMA","All","family","family"
"17",0.85804188066321,-0.0310959809302095,-0.0213025367904879,-0.0182803164829066,0.0631677238159856,"LEMA","All","family","family"
"18",0.86969966640498,-0.057822931553256,-0.0394091442756522,-0.0588533802795767,-0.0161601860152523,"LEMA","All","family","family"
"19",0.857275155040243,-0.0462225537123339,-0.0377880899075308,-0.00644296974020539,0.0359993132944026,"LEMA","All","family","family"
"20",0.857977848859363,-0.106699402279851,0.0156631493127104,-0.0941442944747074,0.0165329467755811,"LEMA","All","family","family"
"21",0.858096047947092,-0.0986826970079265,0.0269919557691694,-0.014399896737066,-0.00147945121644962,"LEMA","All","family","family"
"22",0.863888667754526,0.00275121485453478,-0.0861346740587111,-0.0836752059331227,0.0564652331894279,"LEMA","All","family","family"
"23",0.859209456764783,-0.0173222923017952,-0.0724653140496895,0.023570266837219,0.0346761683032042,"LEMA","All","family","family"
"24",0.871629182840317,-0.123569503317961,-0.0467965012317401,-0.057278477006118,-0.0176069984784623,"LEMA","All","family","family"
"25",0.87438866742132,-0.136405123035025,-0.0811334816730581,-0.0225082201497083,-0.026208746367241,"LEMA","All","family","family"
"26",0.863226000446681,0.0327202017843133,-0.037482822044962,-0.066300067524511,0.0201650222940846,"LEMA","All","family","family"
"27",0.851887298223045,-0.0495320817402676,-0.0150501818589144,0.021400390165369,0.00905420918238463,"LEMA","All","family","family"
"28",0.861896991428269,0.0225983891976587,-0.0675183677018845,-0.0402212015661119,0.0518246335553535,"LEMA","All","family","family"
"29",0.859350044813575,-0.0350389153419668,-0.0541257087366808,0.0019600871282991,0.0483960904473262,"LEMA","All","family","family"
"30",0.859527842944678,0.0141130834126166,-0.0512527474111181,0.0192209283627844,0.0604050816691618,"LEMA","All","family","family"
"31",0.856913164229167,0.025039844707043,-0.00947006428039499,-0.00419914669726196,0.0171780452668145,"LEMA","All","family","family"
"32",0.858348044043784,-0.133484765836416,-0.0545722437700659,0.0131791436358154,0.078427506885164,"LEMA","All","family","family"
"33",0.869021623276662,-0.0588705511218378,-0.0447202103600154,-0.121983975482059,0.0235966209415249,"LEMA","All","family","family"
"34",0.874323632668857,-0.060907873695916,-0.0674134463326697,-0.0826416836636254,-0.026097642859261,"LEMA","All","family","family"
"35",0.857588210813684,0.0355731745035821,0.0158392101819644,-0.0904558334526283,0.0395623690678461,"LEMA","All","family","family"
"36",0.86655709256967,-0.0407390651200648,-0.0931381774374141,-0.0860506969831088,0.077550749472373,"LEMA","All","family","family"
"37",0.849284397393566,-0.117900756404225,0.0253616777921437,0.0111833789518492,0.0754130576960141,"LEMA","All","family","family"
"38",0.862227965256773,-0.0224199682137526,-0.0390386743978354,-0.011117380507298,-0.019425484124995,"LEMA","All","family","family"
"39",0.854930177776933,0.0160538274144211,0.0271229076673281,-0.0449887234828344,0.0637759884676135,"LEMA","All","family","family"
"40",0.859332842021015,-0.127739043107231,-0.0616826148238868,-0.0549308316916088,0.0751083953606799,"LEMA","All","family","family"
"41",0.859771572160572,-0.0967011467745168,-0.0392464919127627,-0.0420477248370319,0.0385847145378583,"LEMA","All","family","family"
"42",0.863233928635736,0.0334556909894494,-0.028614840959987,-0.0781644771114779,0.0637156166623028,"LEMA","All","family","family"
"43",0.856327483528269,-0.0318062023913354,-0.0148351604445344,-0.0749997914034969,0.0702190553360624,"LEMA","All","family","family"
"44",0.870456227634499,-0.0809862811831078,-0.0678409834681233,0.00912321312552779,0.029733124396625,"LEMA","All","family","family"
"45",0.876728249770706,-0.20335470261001,-0.140984591365924,-0.00602222217760888,-0.00661531507260454,"LEMA","All","family","family"
"46",0.855883059646496,-0.0449123271603389,-0.00995926544769921,0.0963605864519637,0.0456246306590412,"LEMA","All","family","family"
"47",0.862770140604097,0.0521861882331351,0.00872007038309297,-0.129344111048766,0.0145421297411034,"LEMA","All","family","family"
"48",0.859327026200977,-0.0349577893413932,-0.04365173431772,-0.033539073961707,-0.00264423863804283,"LEMA","All","family","family"
"49",0.841570290931161,-0.0641637313707455,0.0317354641504797,0.0458760269398964,0.041509595840083,"LEMA","All","family","family"
"50",0.863406572406667,-0.0540764600440534,-0.00595491264839043,-0.106779936615773,0.0130686542034334,"LEMA","All","family","family"
"51",0.871945534146277,-0.258768470694073,-0.0927517960505728,-0.0913838990044631,-0.0051964600496937,"LEMA","All","family","family"
"52",0.871589842941909,-0.0336946279807802,-0.0889103940890656,-0.0456175152500216,0.0553532007337796,"LEMA","All","family","family"
"53",0.862962467444849,0.0105285384382248,-0.0896261400647597,-0.0946339554141912,0.0365833124865273,"LEMA","All","family","family"
"54",0.868849876934347,0.00999431634663495,-0.0489943580954511,-0.133969950390268,0.0659124123050712,"LEMA","All","family","family"
"55",0.861208720276793,-0.0248374324739332,-0.0807879232655196,-0.00647976346102099,-0.00129119609011097,"LEMA","All","family","family"
"56",0.880301221634047,-0.102744032673406,-0.0778733876365667,-0.0989381636210165,-0.0257076648900119,"LEMA","All","family","family"
"57",0.853567237900042,-0.0556651367247885,-0.0111411448751711,-0.0266263636946922,0.041111749823625,"LEMA","All","family","family"
"58",0.862829002268003,-0.0431102902586558,-0.0443097551686471,-0.0240582751705619,0.0347983223205015,"LEMA","All","family","family"
"59",0.8551903204334,-0.0859531329460695,0.0116708666351684,0.00531382548366583,-0.027921543137511,"LEMA","All","family","family"
"60",0.865912971911776,-0.151384700351255,-0.0204798622545267,-0.0860470866937509,-0.00594185337585671,"LEMA","All","family","family"
"61",0.85832475701945,-0.169879112337799,-0.0402473297272853,0.0463665617435349,0.053435409713551,"LEMA","All","family","family"
"62",0.859683214054758,-0.0135171868416849,-0.0560137593112039,-0.0289749869770299,0.0249478080515459,"LEMA","All","family","family"
"63",0.860315292547109,-0.0728193312194731,-0.0203410708805944,0.0388703308058622,0.129648801597112,"LEMA","All","family","family"
"64",0.867295902945295,1.11943068012987e-05,-0.0227031887777275,-0.144517338066156,0.0580743921912425,"LEMA","All","family","family"
"65",0.857521206284299,-0.146048823985041,-0.0616938486928977,0.0367531643646231,-0.0117072851409329,"LEMA","All","family","family"
"66",0.868629093648434,0.0292163011908539,-0.0931253374651865,-0.0489300691084822,0.0632808994461991,"LEMA","All","family","family"
"67",0.863254752236944,-0.170945881004834,-0.0614763308036765,-0.11469519284452,0.0361237134884088,"LEMA","All","family","family"
"68",0.867158611936049,0.0680844150765794,-0.067175159249155,-0.153133231388971,0.00719475473893196,"LEMA","All","family","family"
"69",0.875187970102203,-0.0273884079893013,-0.0693783819241869,0.0235572641631836,0.0125873427324049,"LEMA","All","family","family"
"70",0.862581648069542,-0.113883197740882,-0.011934036072596,-0.00181847291723946,-0.0423166101766772,"LEMA","All","family","family"
"71",0.863566854210652,-0.0976694527098473,-0.0273822443193528,0.0614640260552723,0.0160815874180748,"LEMA","All","family","family"
"72",0.869860219476662,0.00348481548834356,-0.0355287674259572,-0.0995000581903647,0.0354257146709141,"LEMA","All","family","family"
"73",0.861898470904446,-0.0583507017677556,-0.0145452266480334,-0.11624272638324,0.00690544294618091,"LEMA","All","family","family"
"74",0.871456502225416,-0.0433135166692926,-0.0659626775627158,-0.12755907109736,0.00167020670524263,"LEMA","All","family","family"
"75",0.875685586830841,-0.0553125491741668,-0.0789520825850984,-0.149739007880112,0.0398515601576285,"LEMA","All","family","family"
"76",0.86233188097666,-0.21255304557445,-0.0783384801922122,-0.0717821896342451,0.0274397785426039,"LEMA","All","family","family"
"77",0.8766590322046,0.0111502504795957,-0.0990419698725815,-0.115119429907401,-0.0663061007587391,"LEMA","All","family","family"
"78",0.860261613493202,-0.0218627790947075,-0.0697116018950237,-0.0758347144844188,0.0666686105411976,"LEMA","All","family","family"
"79",0.866310772525205,-0.00228989688385328,-0.0161926256534851,-0.0823696448767449,0.0192076242356953,"LEMA","All","family","family"
"80",0.868938624536248,-0.0632640530540491,-0.0326877767853394,-0.0252477474835945,-0.00236626820756459,"LEMA","All","family","family"
"81",0.863701559793319,0.0160736918330278,-0.0122926759594754,-0.0431809074971646,-0.0165543566545751,"LEMA","All","family","family"
"82",0.867887272746643,0.00611649785998392,-0.0676146972528882,-0.157261894542213,0.0810661678321275,"LEMA","All","family","family"
"83",0.857431908599103,-0.107568628578365,-0.00937717876869582,0.0042432066611974,-0.0397126010908411,"LEMA","All","family","family"
"84",0.86294159780766,0.114464372187828,-0.0295991743032515,-0.0694741363945739,0.0315742441101956,"LEMA","All","family","family"
"85",0.866837700158808,-0.109947616645191,-0.0196040742657465,-0.0312606521582059,0.0479560673124641,"LEMA","All","family","family"
"86",0.857333900939205,-0.231595661138682,-0.0470949065172409,-0.0622237308870312,0.0307019602109565,"LEMA","All","family","family"
"87",0.860581738726583,0.0302440860444906,-0.0356202248477668,-0.0429505397619479,0.0327285943522296,"LEMA","All","family","family"
"88",0.864186345728781,-0.121738459529121,-0.052586809513937,-0.085892846513199,0.036869807422758,"LEMA","All","family","family"
"89",0.859830389589117,-0.0354346869378963,-0.0325546115541266,-0.0261917956355448,0.0258074635437718,"LEMA","All","family","family"
"90",0.854778549258614,-0.00598160264610181,0.0100162631405427,-0.0934560165463355,0.00231311791989687,"LEMA","All","family","family"
"91",0.857834433112453,0.0311747507921596,-0.0682362302956447,-0.0512646302955192,0.0388358924194501,"LEMA","All","family","family"
"92",0.872646305178202,0.117212927921811,-0.0785203329984013,-0.0386541515059515,-0.0252634813513845,"LEMA","All","family","family"
"93",0.86622736770102,-0.173416326991882,0.0169887632980243,-0.030232762995621,0.0665186130387118,"LEMA","All","family","family"
"94",0.861900341254902,-0.14472351780656,-0.0193728706391848,0.0444095885839393,0.0547089302582738,"LEMA","All","family","family"
"95",0.860413632160395,0.0835621321513593,-0.0156315493774282,-0.0477185466009087,-0.0105733326804311,"LEMA","All","family","family"
"96",0.874219164020973,-0.127806960595286,-0.0861733342056398,-0.106287302296411,-0.008023933030485,"LEMA","All","family","family"
"97",0.864547222648559,-0.104490079393856,-0.0585223299800909,-0.0652592372522471,0.046253096036306,"LEMA","All","family","family"
"98",0.865883469333345,-0.0982023891787638,-0.0123658201236756,-0.0573993587534437,0.0080292129606034,"LEMA","All","family","family"
"99",0.872797621780603,-0.18929488361779,-0.0738812795269516,-0.0465229131661784,0.0918097681000917,"LEMA","All","family","family"
"100",0.853532531614775,-0.0617951868666198,0.0153073261394101,0.0265019005635741,0.0295540420249369,"LEMA","All","family","family"
"101",0.864641245980439,0.054039860789604,-0.0614316936300422,-0.091060368323697,-0.0152862690253586,"LEMA","All","family","family"
"102",0.858659977078697,0.046112378698179,-0.046841916710847,-0.0691966280453597,0.0348023028200599,"LEMA","All","family","family"
"103",0.869334232223039,0.0445098162725925,-0.0964286419777816,-0.0843150367626456,0.0454399374790429,"LEMA","All","family","family"
"104",0.851127270999611,0.0590508259874889,0.0141878918200247,0.0388845921691364,0.0274046595696821,"LEMA","All","family","family"
"105",0.851188533430837,-0.0053131301990994,0.0163178578155703,0.0155332582867005,-0.00422206637751383,"LEMA","All","family","family"
"106",0.859387253073582,-0.194248761262864,-0.0139691268437061,0.000303273385390868,0.0205639270228108,"LEMA","All","family","family"
"107",0.8763464015711,-0.265116864817834,-0.025133683582868,-0.0785697183589556,-0.019205621541268,"LEMA","All","family","family"
"108",0.864040007747381,-0.156747306052473,-0.0309978233953728,-0.0195778799779119,-0.0118560726388888,"LEMA","All","family","family"
"109",0.849143168336241,-0.19361468609541,0.0157150378477955,0.0202885686309767,0.0498059624660706,"LEMA","All","family","family"
"110",0.864202495146581,0.090352818888578,-0.0518231617953928,-0.0944354507836131,0.0900610851903481,"LEMA","All","family","family"
"111",0.864532108617317,-0.0262758572036876,-0.0390484012847467,-0.120831339040893,0.0283153755630231,"LEMA","All","family","family"
"112",0.863819057551194,-0.154739424921322,-0.0370297271811784,-0.0723657776335382,-0.00990299316467698,"LEMA","All","family","family"
"113",0.858339045137604,0.00267731593245357,-0.0286113502443937,-0.0745031151836679,0.00705942165870388,"LEMA","All","family","family"
"114",0.857283727824076,-0.159269009331143,0.0321585080643172,-0.036449856281104,0.0193642719107729,"LEMA","All","family","family"
"115",0.855506019230195,0.0918225152614447,0.0124646401147719,-0.0200044884858053,0.0413101803749936,"LEMA","All","family","family"
"116",0.851654262068157,-0.0524600030356533,-0.0404107725976679,-0.0289853369470232,0.0932665005600627,"LEMA","All","family","family"
"117",0.867876716641272,-0.114731590314512,-0.057028687171036,-0.180460059064955,0.0451068955878871,"LEMA","All","family","family"
"118",0.869163753986807,-0.072036417940343,-0.0584150887897484,-0.0869924941934525,-0.0223077284379987,"LEMA","All","family","family"
"119",0.870127162278807,0.102396605180409,-0.0235668384735874,-0.151150359443309,-0.0374097167448325,"LEMA","All","family","family"
"120",0.853492666460178,0.0500478506305264,0.0295259676167321,-0.0490910430800208,-0.00895195813920692,"LEMA","All","family","family"
"121",0.857568701481141,-0.0279861063507313,-0.0782897253413247,0.0397940429289859,0.0706743109694778,"LEMA","All","family","family"
"122",0.869250338213836,-0.0487022327853733,-0.0731317628085169,-0.067074817797315,0.00215389007321884,"LEMA","All","family","family"
"123",0.854988922656044,-0.255601088243168,-0.0127383504378925,-0.0457573253698151,0.0223595771573001,"LEMA","All","family","family"
"124",0.874670993729732,0.0200598017763363,-0.0600015627329844,-0.0433260109629831,0.00652464960513536,"LEMA","All","family","family"
"125",0.865897421381502,0.0014943653436581,-0.0890618824857689,-0.129798161467062,0.0333069638693942,"LEMA","All","family","family"
"126",0.877320087393714,-0.0234681916058714,-0.109931115019804,-0.0914514140842477,0.0185328083599309,"LEMA","All","family","family"
"127",0.869315748652597,-0.00538305372924519,-0.0462548414136533,-0.0733203419514081,0.016830188412782,"LEMA","All","family","family"
"128",0.856177814656184,-0.0916360065526026,-0.0653700663410148,-0.02767562679543,0.0460873155732232,"LEMA","All","family","family"
"129",0.865313277411146,-0.0606325287272693,-0.0376211557403722,-0.126061425100033,0.0116440632276092,"LEMA","All","family","family"
"130",0.850643092287334,-0.15959872892381,0.0337045145162469,0.0793906192818472,0.00877894143787219,"LEMA","All","family","family"
"131",0.860827086489773,-0.0280509236598404,0.00388630891731223,-0.0491345473170628,0.0909876696091309,"LEMA","All","family","family"
"132",0.869445569874824,-0.105416665992873,-0.0495748290790313,-0.10316860663989,-0.0668612465910224,"LEMA","All","family","family"
"133",0.873494373859553,-0.00186001220080312,-0.0940017715282248,-0.0382889648850036,-0.0587656899854872,"LEMA","All","family","family"
"134",0.855175313790719,-0.0237330645830037,-0.00604284160303115,-0.0668379636195492,0.0458429605917881,"LEMA","All","family","family"
"135",0.881150582031062,-0.220897606628938,-0.0806748599004951,-0.174211547116877,0.062818471940622,"LEMA","All","family","family"
"136",0.867271165795113,-0.0773754439764551,-0.0408084412272636,-0.064170877285723,0.0427133299050619,"LEMA","All","family","family"
"137",0.865469100508819,-0.0518841650635986,-0.0982360235772352,-0.0609577076550539,-0.0532048271090835,"LEMA","All","family","family"
"138",0.858408256372534,-0.163774340121469,0.0366843101959373,-0.0300258718592716,0.0846134710647601,"LEMA","All","family","family"
"139",0.86979129068762,-0.0643057017556287,-0.143441861301349,-0.0476017488497147,-0.0233801619303868,"LEMA","All","family","family"
"140",0.859696190422977,-0.0911032706694158,0.00669910345599667,-0.0361676570048436,0.0304379080412653,"LEMA","All","family","family"
"141",0.856517402738387,-0.113451525400098,-0.0273691890984462,0.0464969068478756,0.0272278262516126,"LEMA","All","family","family"
"142",0.85323341388357,-0.0519934260375186,-0.0224784303630708,-0.00826249595485375,0.0752500332851263,"LEMA","All","family","family"
"143",0.852118086850479,-0.0462252627584371,-0.0177583606687368,-0.119578054938182,0.060220852930958,"LEMA","All","family","family"
"144",0.877334106517447,-0.0339624763849263,-0.102485067952931,-0.134964640266766,0.0587698458886962,"LEMA","All","family","family"
"145",0.873636315499743,-0.184594258887858,-0.0911603502131128,-0.133438570065587,0.0583269904096404,"LEMA","All","family","family"
"146",0.852443645253907,-0.00502598869645521,0.0199035433388641,-0.0367710350491722,0.0413239595397613,"LEMA","All","family","family"
"147",0.859107139121748,0.0860880041664156,-0.0963161283902426,0.0396919811863256,0.0673116852797893,"LEMA","All","family","family"
"148",0.86143595985328,-0.0428536692146179,-0.0639846623901623,0.0727056324571714,0.0325537825606298,"LEMA","All","family","family"
"149",0.840917591002191,-0.22524966031225,0.0226649086112447,0.0847348601006801,0.103373170755066,"LEMA","All","family","family"
"150",0.87969665698511,-0.181028106703888,-0.0936879842677871,-0.0831187264869081,-0.0295208560258484,"LEMA","All","family","family"
"151",0.867626162174564,-0.0133878518568286,-0.0325457843310368,-0.0683937946816851,-0.00836849565140479,"LEMA","All","family","family"
"152",0.846384286868459,0.0188316277183944,0.0363613183096936,0.0407237938683338,0.0510671511114721,"LEMA","All","family","family"
"153",0.85293525301459,0.0918415984821106,-0.00358909917142192,-0.0114335042310124,-0.00370917987862594,"LEMA","All","family","family"
"154",0.858160091668129,-0.0591819912412004,-0.00718554106840208,-0.082342437476081,0.0364469655422524,"LEMA","All","family","family"
"155",0.855007728047231,-0.141614663927656,0.000757043317155093,0.0540864326806165,0.0236366524114595,"LEMA","All","family","family"
"156",0.852949270476977,-0.129230473247182,-0.0284445477024159,0.0219414495447731,0.0626492756336448,"LEMA","All","family","family"
"157",0.873488109569281,-0.0678233462656489,-0.0965693640174365,-0.123695314788708,0.0527735198837738,"LEMA","All","family","family"
"158",0.861824213262363,-0.100881052265426,-0.0460511300247033,-0.0076718599671511,0.00867796914298555,"LEMA","All","family","family"
"159",0.865171654830871,-0.0535446884635445,-0.0818037912986178,-0.0738405543830194,-0.00176543518201852,"LEMA","All","family","family"
"160",0.866644823821662,-0.0421656395272242,-0.0186912304234815,-0.0283869172765644,-0.0358203682107745,"LEMA","All","family","family"
"161",0.857981866774985,-0.0831097402348039,0.0267896281570539,-0.00616767167011278,-0.0354615219445756,"LEMA","All","family","family"
"162",0.87388776810743,-0.0977575759561057,-0.100665214195299,-0.089183788289396,-0.031416428960074,"LEMA","All","family","family"
"163",0.863172319246353,0.181965450158637,-0.0543677241851033,-0.00929821255617134,0.0123372846303451,"LEMA","All","family","family"
"164",0.858738607225462,0.0230924933847203,-0.027765038846533,0.00915660038286766,0.0152315887035714,"LEMA","All","family","family"
"165",0.86173298579597,-0.205142563629173,-0.0270521623987717,-0.0414293707595468,0.0805096117076991,"LEMA","All","family","family"
"166",0.86222132484659,-0.201935804134785,0.0116931329621088,-0.0747177515220849,0.0726185493218986,"LEMA","All","family","family"
"167",0.862917620582008,0.0113840419217186,-0.0533901047551039,-0.0140661475860609,0.0641762721264721,"LEMA","All","family","family"
"168",0.861775963705817,-0.132988467761655,0.067888137857141,-0.0710232471642532,0.00614320302689764,"LEMA","All","family","family"
"169",0.863270480029802,0.133758042647256,-0.0542792847005024,-0.0500042630779617,-0.0438988588124715,"LEMA","All","family","family"
"170",0.862586078315269,0.0054689667675023,-0.0467567697721832,-0.0596272916767877,0.0364224743924553,"LEMA","All","family","family"
"171",0.866469727987726,-0.191514955976997,-0.0308187133322871,-0.0849052293289225,0.0317458361482721,"LEMA","All","family","family"
"172",0.860896405319624,-0.0113898662052531,-0.0141252335999348,-0.0357579339225141,-0.0025697229542511,"LEMA","All","family","family"
"173",0.862054347380987,-0.178710235974364,-0.0362853313494891,0.0709384735641102,-0.00746288918476734,"LEMA","All","family","family"
"174",0.870751980269007,-0.0799443220252708,-0.0804397037509139,-0.0293165745927844,-0.0347493129703313,"LEMA","All","family","family"
"175",0.850354305484453,-0.0122560478577715,0.0172967879450696,-0.0278479019986076,0.0154557661747172,"LEMA","All","family","family"
"176",0.873950928412974,0.00569134126611925,-0.140108216736833,-0.0602739903846723,-0.0107382188509408,"LEMA","All","family","family"
"177",0.871399124488786,-0.0255485095584302,-0.0239924521864442,-0.089541096770281,-0.0554385374866027,"LEMA","All","family","family"
"178",0.84295568430537,-0.0953131397724801,0.0406262012468279,-0.0443166672429586,0.0791635942731454,"LEMA","All","family","family"
"179",0.849930145088158,-0.0692084093622255,0.0502729298297222,-0.03272514500648,0.0129828770221785,"LEMA","All","family","family"
"180",0.861859979419437,-0.347749664517111,-0.0295915124128046,0.00576015932696079,0.0496463556768786,"LEMA","All","family","family"
"181",0.876759622184853,0.16543994893717,-0.121081763252006,-0.0800844314070793,-0.00904323761350539,"LEMA","All","family","family"
"182",0.862378101456404,-0.192951727599162,0.00866074823873042,0.0135554810702094,0.0152995834979967,"LEMA","All","family","family"
"183",0.866567788283911,-0.156234037019796,-0.0357458562851549,-0.00142344106235819,0.00718996536977886,"LEMA","All","family","family"
"184",0.859299611643875,-0.125891271169277,-0.0827250734465427,-0.0341687492313421,0.0328683607337764,"LEMA","All","family","family"
"185",0.867368969881549,-0.104222337571963,-0.025753768061381,-0.10401893198154,-0.0103113645977648,"LEMA","All","family","family"
"186",0.865533691709352,-0.014599695832239,-0.044266660876169,-0.0668405015886441,0.0516179634952868,"LEMA","All","family","family"
"187",0.875085411455779,0.0941991528734911,-0.0800925550469197,-0.17080562117787,0.00380578265431,"LEMA","All","family","family"
"188",0.860851795494477,-0.185492027794926,0.0192707484664945,0.0403469978707029,-0.00607967353711613,"LEMA","All","family","family"
"189",0.86664199004804,-0.0653099089660086,-0.0774657859354896,-0.083626672529569,-0.0467900250077944,"LEMA","All","family","family"
"190",0.854361396144985,0.120528431925025,-0.0597593841512017,-0.0811074120223871,0.0681746015837049,"LEMA","All","family","family"
"191",0.859495417826711,-0.00818408006852167,-0.0135008518027261,-0.00305406802437925,0.00352260724522788,"LEMA","All","family","family"
"192",0.856610685610979,0.0208892974173938,-0.039174174756369,-0.0462299256391376,0.0853502237562,"LEMA","All","family","family"
"193",0.851697930911719,0.0787615226596823,0.00129630059039632,0.0217011692035491,0.0534289386049427,"LEMA","All","family","family"
"194",0.862341698694253,0.0698531394558588,-0.0095991249122287,-0.00557015169741815,0.0049072852419122,"LEMA","All","family","family"
"195",0.868660637160062,0.153713572859443,-0.0410756142749735,-0.053067111356772,0.0161483757215514,"LEMA","All","family","family"
"196",0.860038844756455,-0.101070912495984,-0.0103169374751177,0.0374213013329812,0.0510541337705818,"LEMA","All","family","family"
"197",0.869432027914288,0.0698818309384961,-0.0544869678942684,-0.0793911594174951,0.0304602502315551,"LEMA","All","family","family"
"198",0.857966411705286,-0.104542811930864,-0.0395698816021681,0.0378762877642839,0.0780711034223406,"LEMA","All","family","family"
"199",0.838723798483308,0.135754017522416,0.0540683635495727,0.023357102287309,0.0713061588579454,"LEMA","All","family","family"
"200",0.868947189011769,-0.177311255242213,-0.0870351129209859,-0.0711500586983854,-0.0442682596984899,"LEMA","All","family","family"
"201",0.865080240810039,-0.0649357751860615,-0.0740023159606427,-0.0288869720164973,0.0286195840707016,"LEMA","All","family","family"
"202",0.865199888723142,-0.0853943078189136,-0.0202786784566887,-0.1057245877594,-0.0168016251201419,"LEMA","All","family","family"
"203",0.852839416207695,0.0643371495981715,-0.0264243141253869,0.00979852114743161,0.0666643228050021,"LEMA","All","family","family"
"204",0.879278193964492,-0.132376142972963,-0.106905315764068,-0.101208805937744,0.0217577109120117,"LEMA","All","family","family"
"205",0.859470786981327,0.214954517635102,-0.00229494040984302,-0.0397471012321989,-0.00598834370519501,"LEMA","All","family","family"
"206",0.867388942526801,-0.117478061778331,-0.0490471228366498,-0.0335353033007527,0.0301147100966659,"LEMA","All","family","family"
"207",0.851050633256175,0.0938815480239334,0.00641045478470192,-0.0903577478375174,0.079113905782122,"LEMA","All","family","family"
"208",0.865820926657345,-0.0228418223517686,-0.0586516464211386,-0.071243272696715,0.0428099535253886,"LEMA","All","family","family"
"209",0.864725903096871,-0.105586182202629,-0.0684532797614963,0.0480529459583994,0.0119121925716255,"LEMA","All","family","family"
"210",0.865206180509324,-0.0225737580662069,-0.0543494222863659,-0.0136983082053567,0.0241233329632098,"LEMA","All","family","family"
"211",0.868777831973239,-0.110398228182096,-0.0722454509379105,-0.038135642710528,-0.045489558556357,"LEMA","All","family","family"
"212",0.859739375136861,-0.132066752753029,-0.0822573147030925,-0.04405992553151,0.0754291774522381,"LEMA","All","family","family"
"213",0.84973406433137,0.0513687680950576,-0.0256901334994017,0.0529949587548133,0.0270440073986552,"LEMA","All","family","family"
"214",0.864367041247056,-0.137579204930461,-0.0346970204640481,-0.030410213054676,0.0434796529057973,"LEMA","All","family","family"
"215",0.86850140966363,0.00721743916310991,-0.0395749749303029,-0.051282294350932,-0.0349319155956734,"LEMA","All","family","family"
"216",0.849213488604329,0.147275222951646,7.49452051058697e-05,-0.0257758267762401,0.0885917575260852,"LEMA","All","family","family"
"217",0.857590104225326,-0.0125434703008001,-0.0288464846337939,-0.0364882214283345,0.0175001568006911,"LEMA","All","family","family"
"218",0.864188018853088,0.089000323553651,-0.0368217180520707,-0.0792121435988943,-0.00735694873780061,"LEMA","All","family","family"
"219",0.860806656191633,0.00405308335903509,-0.0587449789302535,0.000549861991118807,0.0503013721841239,"LEMA","All","family","family"
"220",0.860746219677222,0.0588951348166555,-0.0775577706776794,-0.0420906018165184,0.064681905187669,"LEMA","All","family","family"
"221",0.853624422548633,-0.110285128065391,-0.0268787625771231,-0.0309880073560469,0.057042620376093,"LEMA","All","family","family"
"222",0.869189148047195,0.0450429535459014,-0.0633045572619904,-0.0392371044041973,0.0212950442226464,"LEMA","All","family","family"
"223",0.857572149664553,-0.0505909943981481,-0.00388405346419751,-0.0486779642269632,0.00630793450055721,"LEMA","All","family","family"
"224",0.85939784146134,0.242261557416124,-0.0600294528611431,-0.0693151169754674,0.0474888170783661,"LEMA","All","family","family"
"225",0.857700925667803,-0.00330109549396573,-0.0222788449992889,0.0533106204645045,0.0145214583034932,"LEMA","All","family","family"
"226",0.869242288169083,-0.0278175910313283,-0.0581819214500285,-0.160657917628777,-0.0199911727153433,"LEMA","All","family","family"
"227",0.872430037282616,-0.183398633702137,-0.0877456869728762,-0.134314837030365,0.0772463538655498,"LEMA","All","family","family"
"228",0.870958728366215,-0.0996938373105809,-0.054834174409348,-0.0107797153209592,-0.0364863289104126,"LEMA","All","family","family"
"229",0.87396135967327,0.0185434250523988,-0.0757674372746355,-0.00642983392280289,-0.02953131116675,"LEMA","All","family","family"
"230",0.858144090389387,-0.123530060582844,-0.0443745716426691,-0.060190056870762,0.036646723623977,"LEMA","All","family","family"
"231",0.867115051852476,-0.082327306053444,-0.0353382042455657,-0.0573066148388686,-0.0224545140587174,"LEMA","All","family","family"
"232",0.876661423535849,0.0599394139323808,-0.0591324188230857,-0.0892911300187215,-0.0108419200847095,"LEMA","All","family","family"
"233",0.847815949421651,0.0489888004368293,0.00840809675835086,0.0105605280046777,-0.00172556296081672,"LEMA","All","family","family"
"234",0.877425631880394,-0.206625612274457,-0.0645883023240108,-0.0459780520352457,-0.00435532792291743,"LEMA","All","family","family"
"235",0.861492405477706,-0.140474281742665,-0.0192537998518648,-0.12173233295883,0.0546129705626636,"LEMA","All","family","family"
"236",0.844003060924133,0.0501287043469525,0.0323122999937981,-0.0495599355275184,0.0563247119227007,"LEMA","All","family","family"
"237",0.865281506089895,0.0366404234185544,-0.0103334134150425,0.0575936167850234,-0.0105471682577223,"LEMA","All","family","family"
"238",0.859807469554025,-0.0803124236909296,-0.0228625201378526,0.00819041900537452,0.0585467980626026,"LEMA","All","family","family"
"239",0.868291318751676,-0.00692937367493618,-0.105543695010121,-0.0713686659523892,-0.0123172542641573,"LEMA","All","family","family"
"240",0.855862678476388,0.0041869959219194,-0.051984441829368,0.0230248204091828,0.0716531119933806,"LEMA","All","family","family"
"241",0.855502457288369,-0.107629936347687,-0.0328606794158232,-0.0991896785127116,0.0415761469988839,"LEMA","All","family","family"
"242",0.853707422210026,0.161647348529878,-0.0221452384092055,0.031550680081439,0.0538445771937558,"LEMA","All","family","family"
"243",0.866313179303901,-0.270768638873475,-0.083913769548878,-0.093203920624298,0.0159234878482757,"LEMA","All","family","family"
"244",0.86014829120449,0.000473321520249481,-0.0207691731463345,0.00391722727141597,-0.00953850911994233,"LEMA","All","family","family"
"245",0.856755084392503,-0.0105087791679046,0.0133667034507763,-0.0174992474715239,-0.0552974650870987,"LEMA","All","family","family"
"246",0.847954166797572,0.101809050233767,0.0566920300911555,0.00921598266689545,-0.00666862824270785,"LEMA","All","family","family"
"247",0.862598336355252,-0.144445641726821,-0.097317932309776,0.0176929176311174,0.066820652910701,"LEMA","All","family","family"
"248",0.855276279992626,-0.111621197837969,-0.022941779648338,-0.0420354432762744,-0.0467319316589997,"LEMA","All","family","family"
"249",0.850688841896281,-0.0437409821816589,0.0413466321394678,0.0163855023151506,0.0571195511532851,"LEMA","All","family","family"
"250",0.856621454713461,0.142644395644212,-0.0170202740843592,0.0296937229567607,0.0049531425488898,"LEMA","All","family","family"
"251",0.852172241910437,-0.0763413320854844,0.0267313675907659,0.00056307310126004,0.0195468946779539,"LEMA","All","family","family"
"252",0.869296010996264,0.00652971930600943,-0.0557382472903085,-0.0564420472925563,0.087875278536922,"LEMA","All","family","family"
"253",0.86117167478156,-0.086143252521406,-0.0688828760490436,-0.0830243266267135,0.0613465705430325,"LEMA","All","family","family"
"254",0.856633662073997,-0.10319872146321,-0.0252843438240441,0.0463939728509052,0.065227113829848,"LEMA","All","family","family"
"255",0.852372503459325,0.0998429327309167,0.0221065386283814,-0.0347658307227302,0.0078957176292222,"LEMA","All","family","family"
"256",0.875011893404392,-0.0425388708813091,-0.0577178905725603,-0.0340701745696238,-0.00210175223259193,"LEMA","All","family","family"
"257",0.871976766161626,-0.0565191901362767,-0.0910489812264746,-0.0963731898812006,-0.0168802924941146,"LEMA","All","family","family"
"258",0.846932103090792,-0.0344834244895725,0.020762627411379,-0.00466272184071263,0.0175143587756972,"LEMA","All","family","family"
"259",0.864184711116382,-0.192473705148332,-0.0501506389558595,-0.0604126208939748,0.0357077654186732,"LEMA","All","family","family"
"260",0.865438425293724,0.0225287938874534,-0.0705963677705949,-0.0896402938703496,0.0276974077957284,"LEMA","All","family","family"
"261",0.868961831987903,0.162117579727554,-0.0226581627395575,-0.0865487960350542,-0.0440532119050569,"LEMA","All","family","family"
"262",0.857803599102472,0.0409940669519477,-0.0290903318264607,-0.0460449095137677,0.0413823858880764,"LEMA","All","family","family"
"263",0.856434749063274,0.195272595937364,-0.00491828667653194,0.0284136667969608,0.00240822519993818,"LEMA","All","family","family"
"264",0.856135406395286,-0.123469456512897,0.000208275491090593,0.0182892577398393,0.0229921968347172,"LEMA","All","family","family"
"265",0.870696956237165,-0.0310618711142103,-0.0713142204096439,-0.0669639663431167,0.037486327462424,"LEMA","All","family","family"
"266",0.858516214115783,-0.0889652228568045,-0.0136268725514477,0.0216068646042462,0.0162076923885238,"LEMA","All","family","family"
"267",0.852725783520167,0.00193822417785472,-0.00917855808655377,-0.085711953257528,0.0295098928160452,"LEMA","All","family","family"
"268",0.855019876139141,-0.28496659372307,0.0297052377930542,0.00290019284655264,-0.0215552507791036,"LEMA","All","family","family"
"269",0.859140453116872,-0.087130589916714,-0.0501049709431824,0.0229637017588015,0.02924496122866,"LEMA","All","family","family"
"270",0.859219082357338,-0.143607942633123,-0.0396257587431589,-0.111719973948023,0.07739562616104,"LEMA","All","family","family"
"271",0.861454789596811,-0.0942615376909006,-0.0968688838940601,-0.022884942253148,0.11240019357661,"LEMA","All","family","family"
"272",0.853981245905591,-0.00369847160175485,-0.0216762885966151,-0.0334408980677483,0.077791715039402,"LEMA","All","family","family"
"273",0.865972617792415,0.063992807402002,-0.0454636191109709,-0.0151715796885741,0.0320246578205151,"LEMA","All","family","family"
"274",0.861103756075548,-0.23774607520222,-0.00554644905200041,0.0412077017127658,0.0441975831715212,"LEMA","All","family","family"
"275",0.869807273654213,-0.172843884717475,-0.0438365424617314,-0.184788933767808,0.11231746426913,"LEMA","All","family","family"
"276",0.855662049168897,0.0835280466144155,-0.0334233334770027,-0.0297477855384823,0.0152418308040842,"LEMA","All","family","family"
"277",0.863217613725361,-0.0728425735669134,-0.0473831697639027,-0.0372241391186924,0.0281713223079365,"LEMA","All","family","family"
"278",0.853789168965828,0.194681671842324,-0.0196811032042606,0.0211812757552245,0.0377320351061299,"LEMA","All","family","family"
"279",0.865079143006006,-0.00703960863812547,-0.066536600740874,-0.0499306212768706,0.0710138232107126,"LEMA","All","family","family"
"280",0.852937228165015,-0.243364535159432,0.0328757213379163,0.0279194378170433,0.0504270927866403,"LEMA","All","family","family"
"281",0.85993923606515,-0.276333412257867,-0.00268569184230416,-0.0651968700338589,0.0676641772538515,"LEMA","All","family","family"
"282",0.860683589293576,-0.0373001305181246,-0.0352601936546589,-0.0645094123414003,0.0571294835608918,"LEMA","All","family","family"
"283",0.868746343436379,-0.0395040058152277,-0.0589352913659666,-0.0176414914030982,0.0295428633387313,"LEMA","All","family","family"
"284",0.858592809463309,-0.0863143145068488,0.0121418484310205,-0.0313715454324921,0.0999006785730071,"LEMA","All","family","family"
"285",0.871512002843315,0.0331606061744105,-0.106963491731125,-0.0975860298759823,0.0307342232750031,"LEMA","All","family","family"
"286",0.861941047769418,-0.126749821469732,-0.0406390692841522,-0.157444474223555,0.0854976525757064,"LEMA","All","family","family"
"287",0.848177733962006,-0.126153899454817,-0.00657606334693595,0.123785613354351,0.0424421533295597,"LEMA","All","family","family"
"288",0.862835353019087,-0.0865020386156103,-0.0161442159448494,-0.12399741239847,0.0553945299271362,"LEMA","All","family","family"
"289",0.859178971348907,-0.0286671744064357,-0.0499283516209196,-0.049884111775802,0.0558688742461308,"LEMA","All","family","family"
"290",0.86043740735524,0.0355739086464759,-0.02063466442304,-0.000602323824430335,0.00424592845630881,"LEMA","All","family","family"
"291",0.863090653751323,-0.00319224158422315,-0.0381889009129467,-0.0413217932639263,0.0540805605082914,"LEMA","All","family","family"
"292",0.85908568380516,0.200036639835299,-0.0735501178229738,-0.0582805177576721,0.0387136066279136,"LEMA","All","family","family"
"293",0.855311392515218,0.0690294571769847,-0.0837481227329261,0.0145117854703581,0.000736215729628507,"LEMA","All","family","family"
"294",0.865870519855013,0.110752239732333,-0.0257535424122932,-0.105957719302464,-0.00748143134866166,"LEMA","All","family","family"
"295",0.853447164976199,0.192669955540211,-0.0640915516432707,-0.125217073500179,0.055398962784654,"LEMA","All","family","family"
"296",0.869195974943583,-0.137521802216189,-0.049665276823842,-0.154851057581437,0.0423109406624781,"LEMA","All","family","family"
"297",0.872786056190234,0.0118194330255823,-0.0898313124346634,-0.0800188454567575,0.0741024310920195,"LEMA","All","family","family"
"298",0.861768403151888,0.0308253291402238,-0.0376038852287192,-0.0779687932785967,0.0323893915906504,"LEMA","All","family","family"
"299",0.851393591510744,-0.143935633691903,-0.0321249254583811,0.0348031966717615,0.0682639622734132,"LEMA","All","family","family"
"300",0.855059613312759,-0.125001180584061,0.0102362380332062,-0.00495596767793169,0.0455037746125826,"LEMA","All","family","family"
"301",0.863766840841367,-0.0765592136643571,-0.0546664198437575,-0.0111065345275657,0.0125104375518021,"LEMA","All","family","family"
"302",0.855535988247026,-0.00135739137612445,-0.0116176797250641,-0.106524101775626,0.0329343078230995,"LEMA","All","family","family"
"303",0.861058002450437,-0.19619915691177,-0.0990782605062653,0.0354714534328418,0.0646893267168497,"LEMA","All","family","family"
"304",0.859895968529538,-0.104320704137533,-0.0663254176325936,0.0305321023531,0.0284197121898718,"LEMA","All","family","family"
"305",0.866101348361745,-0.186062930939025,-0.0380709656868227,-0.0987134889833678,0.0897980184299016,"LEMA","All","family","family"
"306",0.86216723894146,-0.0859003002472907,-0.0121937345696076,-0.115003830214619,0.011153767117364,"LEMA","All","family","family"
"307",0.864245764489997,-0.161527615411675,-0.0106304774988479,-0.0477151077614222,0.0113746689969781,"LEMA","All","family","family"
"308",0.849046561020166,0.0362652061620721,0.0217578393356221,-0.115635856740493,0.0597962054729193,"LEMA","All","family","family"
"309",0.857341342717932,-0.0263591210301557,-0.0495815268185683,0.0583441368888162,0.0309956017729285,"LEMA","All","family","family"
"310",0.866906259663998,-0.27228457047992,-0.0981423003881152,0.00142215589732156,0.0631397885599841,"LEMA","All","family","family"
"311",0.870113073457259,-0.0607758416589365,-0.0295695819295567,-0.0431888553839113,-0.0128663983758632,"LEMA","All","family","family"
"312",0.873602366858699,-0.106586781086504,-0.0729151037433382,-0.145360191215301,-0.00762837609325096,"LEMA","All","family","family"
"313",0.870119521723248,-0.0530215802031754,-0.0796613819496119,-0.0179047590469328,0.000407811514242068,"LEMA","All","family","family"
"314",0.866599791319329,-0.0812374642944421,-0.0500219994836822,-0.0436071496825925,0.0304220739228869,"LEMA","All","family","family"
"315",0.862124338216815,-0.115744410153527,-0.0129317371030281,-0.0897342515670023,0.0162792150679315,"LEMA","All","family","family"
"316",0.85303753495939,-0.0156556716210088,0.0310122750709305,-0.0177708208383949,0.0547138986141095,"LEMA","All","family","family"
"317",0.860455071435451,-0.134713144883064,-0.0435178369670409,-0.0512025555245758,0.0198059039657846,"LEMA","All","family","family"
"318",0.857067174193997,0.160637324043829,-0.0161445358483878,-0.00226647622036468,0.0289252923231532,"LEMA","All","family","family"
"319",0.855038883484953,0.0587609347036362,0.0199201503676114,0.042204982543995,-0.0328402647400752,"LEMA","All","family","family"
"320",0.880763690336772,-0.188653059712427,-0.153057126764016,-0.073994301400716,0.0525787127474057,"LEMA","All","family","family"
"321",0.856751621675265,0.0827716437831589,0.00996177824658773,-0.0597757491162532,0.0254220206452228,"LEMA","All","family","family"
"322",0.853282075885287,-0.0998602007386771,-0.0115352209393135,-0.0306558724534273,-0.0158734657832621,"LEMA","All","family","family"
"323",0.863901326331931,-0.229523735435515,-0.0405986868451655,-0.0572532823908706,0.0450021719229658,"LEMA","All","family","family"
"324",0.86307855118304,-0.0964679524769277,-0.0284720222676391,-0.0377876317018898,-0.0316663763250922,"LEMA","All","family","family"
"325",0.874412200228554,0.030570341275415,-0.0405108184596538,-0.0559792525149698,0.00438941529083545,"LEMA","All","family","family"
"326",0.851650095446098,0.0899750366565588,-0.0102684277759307,-0.0806091172656687,0.0584778765875512,"LEMA","All","family","family"
"327",0.870919614712102,-0.0634866429322425,-0.0879249460250274,0.046483952650194,-0.0145157040067957,"LEMA","All","family","family"
"328",0.865382598351587,0.173496307852254,-0.058161688699424,-0.0522682556726325,0.0889699491951206,"LEMA","All","family","family"
"329",0.857884162087015,-0.10604962488268,-0.0303251500452283,-0.10042140819485,0.0191639431990427,"LEMA","All","family","family"
"330",0.861411490790219,-0.0232370029382499,-0.0671524131275946,0.0741174216436499,-0.0188630849636222,"LEMA","All","family","family"
"331",0.874242917250223,-0.0140481098581163,-0.113430429305541,-0.0339245628781195,0.0371801805114596,"LEMA","All","family","family"
"332",0.878505465706154,-0.0930506182925023,-0.0975320890736476,-0.114930507987225,-0.0460160852225145,"LEMA","All","family","family"
"333",0.868417390224638,-0.305365388828097,-0.0323606524975392,-0.0371561474155619,-0.0117885396408469,"LEMA","All","family","family"
"334",0.868772579218774,-0.0754093622488056,-0.0596295924343536,-0.0611981074022985,0.0657399449388531,"LEMA","All","family","family"
"335",0.856173541321359,-0.159897753801245,0.00647664638311074,-0.0255949639963577,0.0283725421606911,"LEMA","All","family","family"
"336",0.854517125105467,-0.0749453350482165,-0.0102912966668813,0.0596607501678983,-0.0144673526219189,"LEMA","All","family","family"
"337",0.862686583408428,-0.291661389046419,-0.00928584222006856,0.0396612074381516,-0.010974584004861,"LEMA","All","family","family"
"338",0.854223606583371,-0.26270822966038,0.00775139244738221,-0.0219066747232046,0.0345454606690071,"LEMA","All","family","family"
"339",0.862043922843216,-0.0910466148024407,-0.0367135955227803,-0.139937861930918,0.0269234172459401,"LEMA","All","family","family"
"340",0.865759757809178,-0.0519590120755397,-0.0472139310836551,-0.0891698518503696,0.0842832616822199,"LEMA","All","family","family"
"341",0.864983359589991,-0.119802579951275,-0.015329958236824,-0.0195168311738584,-0.0238987873338217,"LEMA","All","family","family"
"342",0.870427400310925,-0.218889868365007,-0.0592671347675763,-0.0694345173198853,-0.0100899849624855,"LEMA","All","family","family"
"343",0.856390276911534,-0.0113347602826733,-1.80163828511493e-06,0.0125961976065286,0.0587787982511401,"LEMA","All","family","family"
"344",0.871525842392078,0.0120744164784536,-0.0313475034677319,-0.157639508493774,0.0404432216056367,"LEMA","All","family","family"
"345",0.875029437676499,-0.184666014237011,-0.0691444283255763,-0.0302703491341779,-0.00790940578390048,"LEMA","All","family","family"
"346",0.864303757020222,-0.115252321800965,-0.0431003889425907,0.0245627537725297,0.0190939773814984,"LEMA","All","family","family"
"347",0.86433961797639,-0.0515261593925964,-0.0337601271395543,-0.150279891776728,0.000730268897723698,"LEMA","All","family","family"
"348",0.86696948018945,-0.0971075099795848,-0.0786181359799177,-0.00104496500937612,-0.0346692851797676,"LEMA","All","family","family"
"349",0.861137869291687,-0.0985380369613135,-0.0432922176921327,-0.010763251505685,0.0170167440157929,"LEMA","All","family","family"
"350",0.873553598115504,-0.0351508848420311,-0.0360249019057658,-0.132546212906439,-0.0666250985925177,"LEMA","All","family","family"
"351",0.863462048229086,0.0158709405122555,-0.0295756196046282,0.0172566211902111,-0.057941084941084,"LEMA","All","family","family"
"352",0.875521064532285,0.028755900087992,-0.0328390821144735,-0.0964702823291315,-0.0406513394081971,"LEMA","All","family","family"
"353",0.874657008310877,-0.0138380155593709,-0.0164351583392378,-0.114042645168285,-0.0618631123629817,"LEMA","All","family","family"
"354",0.85860598763984,0.0474488039645746,-0.00150900750628225,-0.0238212401316484,0.0228051707783168,"LEMA","All","family","family"
"355",0.86223135799984,-0.179784255792644,-0.0526468374499892,-0.0506037446056454,0.0509715542077333,"LEMA","All","family","family"
"356",0.852074118366971,-0.16657382782933,-0.0125617041801364,0.0258460898026683,0.0497326558146418,"LEMA","All","family","family"
"357",0.842320928932049,-0.123011282058507,0.0260875055173382,0.0157825880881689,0.130719167535187,"LEMA","All","family","family"
"358",0.851569467942161,-0.0629370698745316,-0.00527273310837706,-0.059620413520787,0.00838661763350382,"LEMA","All","family","family"
"359",0.881438046114017,-0.0755625479066026,-0.0860251136006196,-0.105520110653563,0.0105247498306965,"LEMA","All","family","family"
"360",0.861292404632345,0.036327596710259,0.0122826186855232,-0.121593019618709,0.00433686928391502,"LEMA","All","family","family"
"361",0.873663921994749,-0.116654936209324,-0.084022673883721,-0.0406848211580763,0.00393415019504716,"LEMA","All","family","family"
"362",0.844955722316305,-0.00174468643698411,0.0577923368865016,-0.0429150783564671,0.0519638255687049,"LEMA","All","family","family"
"363",0.860072270970887,-0.0534470335695963,-0.0369368942748123,-0.0384455123423798,0.0783371509282251,"LEMA","All","family","family"
"364",0.856384687189498,0.108401943669782,0.0085030069980927,0.0988626141322907,-0.0231698881302067,"LEMA","All","family","family"
"365",0.856057016378152,0.0149475551021516,-0.044551720316263,-0.0366245817837661,0.0526642273693205,"LEMA","All","family","family"
"366",0.850145097050087,-0.151510706504276,0.0409959752775744,0.0323001907860315,0.0126329803286215,"LEMA","All","family","family"
"367",0.844588495507872,0.0132973166187966,0.0227231121356661,0.0320077442278925,0.0281092288375348,"LEMA","All","family","family"
"368",0.855163959539535,0.0425012376945744,-0.0261709161340243,0.0118327083799776,0.0505813491914794,"LEMA","All","family","family"
"369",0.852497799701081,-0.0481250184913723,-0.0101424820073076,-0.00182246151822415,0.0206238099530199,"LEMA","All","family","family"
"370",0.866406497232756,0.00954814157926642,-0.0195285765696794,0.00975084120287728,0.0120977449307377,"LEMA","All","family","family"
"371",0.868006454491694,-0.0399979249882905,-0.0725520149119852,-0.0964032892987919,0.0237276121479003,"LEMA","All","family","family"
"372",0.866894813401602,-0.0729859594752177,-0.0475004589901579,0.032921148897651,0.00180603171781965,"LEMA","All","family","family"
"373",0.859692760818932,-0.158119003185213,-0.0329616826920577,0.0294625309149891,0.0178627385341069,"LEMA","All","family","family"
"374",0.856257889755556,-0.0209380397684339,-0.00481511008443802,-0.0712591447681818,0.0943454493828434,"LEMA","All","family","family"
"375",0.838316578127621,-0.237727800739765,0.0705737436438028,0.048514189676586,0.0620490731715961,"LEMA","All","family","family"
"376",0.859986571665175,-0.0135413430519437,-0.0716932323535624,0.0448364990787889,0.0300137391610771,"LEMA","All","family","family"
"377",0.868717414055493,-0.084665330501935,-0.0389668602521692,-0.0829767279865402,-0.00286897093094897,"LEMA","All","family","family"
"378",0.868093749716822,-0.0973913698590828,-0.0553681509441906,-0.0838431145183985,0.0294162625507129,"LEMA","All","family","family"
"379",0.862316042325845,-0.0180096594184336,-0.039640817988609,-0.136572885450388,0.00287096194208539,"LEMA","All","family","family"
"380",0.867580243627012,-0.0222290613269245,-0.0762048640782733,-0.0303583097355976,0.00392244939562738,"LEMA","All","family","family"
"381",0.864249755103405,-0.0357827108629817,-0.0594675028043512,-0.0102647646046356,0.0226034151143542,"LEMA","All","family","family"
"382",0.876587622589778,-0.0832669155748763,-0.0500490994980064,-0.0190793260586326,0.0337830298828531,"LEMA","All","family","family"
"383",0.8692972156288,-0.259132015021546,-0.0428757503328964,0.0660680510357317,-0.0158136884908878,"LEMA","All","family","family"
"384",0.864962254234485,-0.122148735561054,-0.00795107955732777,-0.0109570662587012,-0.0280549361888332,"LEMA","All","family","family"
"385",0.867937330891127,-0.0356499922315459,-0.0719534572035341,-0.0156533022212738,0.0325885196204452,"LEMA","All","family","family"
"386",0.881190481342287,0.0634295936438505,-0.109957444528374,-0.17995368669238,-0.0432326594475929,"LEMA","All","family","family"
"387",0.862322991889549,-0.0637061983409244,-0.0464933492963402,0.00430814471951859,0.0300157246592473,"LEMA","All","family","family"
"388",0.866110013727886,-0.0710910674181067,-0.072836295811465,-0.0162010161053819,0.0151944771754358,"LEMA","All","family","family"
"389",0.865045888977059,-0.0524005438831728,-0.0135164107840683,-0.0450765980951373,-0.0175780732250707,"LEMA","All","family","family"
"390",0.869455727985346,-0.18323494607975,-0.0801158745469924,-0.0548979290685876,-0.0105022282644563,"LEMA","All","family","family"
"391",0.857492465309574,-0.122939649799453,0.0149067007892003,-0.0336880195111866,0.0467921153445901,"LEMA","All","family","family"
"392",0.855985428913441,-0.0301739481088175,-0.0486104903268681,0.0534673881653613,0.114973863871607,"LEMA","All","family","family"
"393",0.867616951940194,0.0554800326814706,-0.0865819633711638,-0.102978427328196,0.00144182605088332,"LEMA","All","family","family"
"394",0.858932635323848,-0.0441273465736642,-0.0516660090790055,0.00833760146019641,0.0483874391961148,"LEMA","All","family","family"
"395",0.87314110839263,-0.0556295529905115,-0.0898558998471813,-0.0889914734923338,-0.000791254266976823,"LEMA","All","family","family"
"396",0.880402630344259,-0.116923778578754,-0.0902925831135518,-0.073476120493453,-0.00484025475232689,"LEMA","All","family","family"
"397",0.870845836351072,-0.211807411532208,-0.0482491059654411,-0.0664199481163779,0.0316957837957316,"LEMA","All","family","family"
"398",0.863549498374423,-0.071642700912475,-0.0581240317701256,-0.0554211481193597,0.0235170789929222,"LEMA","All","family","family"
"399",0.861257644814554,-0.250764698234827,-0.0572887211263523,-0.0926111191417576,0.129472662541362,"LEMA","All","family","family"
"400",0.863168649856741,0.00955497626295876,-0.071541994309322,-0.00895700669948646,0.0862350629256846,"LEMA","All","family","family"
"401",0.862535422140509,0.141754412091395,-0.0710496705379673,-0.0595617722550123,0.00504367967752443,"LEMA","All","family","family"
"402",0.86928387570911,-0.0705166947894093,-0.0353150113114343,-0.0639116581378477,0.102178487160877,"LEMA","All","family","family"
"403",0.866165501610901,-0.110250369968727,-0.0570872191505549,-0.0440680894029852,-0.0553573972872691,"LEMA","All","family","family"
"404",0.850495298046284,-0.071902833301378,-0.016245155945406,-0.0964839221704158,0.0954227549095537,"LEMA","All","family","family"
"405",0.86854050145563,-0.141332285127508,-0.0372748832508725,-0.038962161088569,0.0183093681457807,"LEMA","All","family","family"
"406",0.853117212524845,-0.118990111649545,-0.0304643327445836,0.00192047588559516,0.155649132218626,"LEMA","All","family","family"
"407",0.862953303477091,-0.131552107758375,-0.0891754011276878,-0.0815087550563798,0.0505435694729575,"LEMA","All","family","family"
"408",0.851599614035594,-0.14212022494313,0.0150782168350136,0.0179046010259859,0.00593278291835791,"LEMA","All","family","family"
"409",0.875577116615142,-0.270109121642525,-0.0680251436283341,-0.0745163827186892,0.00794041811263557,"LEMA","All","family","family"
"410",0.852555444100015,-0.172187057513495,0.0214175575526727,-0.0180047645079459,0.00383454537341798,"LEMA","All","family","family"
"411",0.86181973319447,0.0539647110591464,-0.00437817738993163,-0.0676299647593429,0.013990305106674,"LEMA","All","family","family"
"412",0.866169632542285,0.0344389722085447,-0.0466722959980569,-0.0941184314599859,0.0679762974596187,"LEMA","All","family","family"
"413",0.872644960488714,0.025860176775528,-0.000324629883097782,-0.17652396994076,0.0683775199175047,"LEMA","All","family","family"
"414",0.869555043628224,-0.0431747983270617,-0.0760938086583697,0.00663676671046315,0.0203283473949345,"LEMA","All","family","family"
"415",0.863363032449352,-0.0244478469981183,-0.0580357863106118,-0.0420217853697189,-0.00644886788296873,"LEMA","All","family","family"
"416",0.862562502719808,0.109506775371423,-0.0358771122401983,-0.0527493512490323,0.0105301151836595,"LEMA","All","family","family"
"417",0.864251443462365,-0.0443348541706793,-0.0531556066127964,-0.117495651233653,0.0181601717717247,"LEMA","All","family","family"
"418",0.880003646342858,-0.179389464713623,-0.110805445969606,-0.0787812813554618,-0.0131847882883568,"LEMA","All","family","family"
"419",0.861895007349853,-0.0493064973413954,-0.030025274077471,-0.102081354581979,0.0530728832806022,"LEMA","All","family","family"
"420",0.871581804820147,0.0592538109977241,-0.0869927739835652,-0.0785526177024546,0.0505948421807185,"LEMA","All","family","family"
"421",0.865931265694317,0.00684945525887026,-0.0799430194644082,-0.00255842269293084,0.0419056499258461,"LEMA","All","family","family"
"422",0.859271398033714,0.0285182950534815,-0.0315968048347556,-0.0703656507371663,0.0136726855393366,"LEMA","All","family","family"
"423",0.863647541254013,-0.0139200658229367,-0.0186618450691308,0.00163131404932696,-0.0157119565524797,"LEMA","All","family","family"
"424",0.862519575764667,-0.101876536311578,-0.0502366498112432,0.00946756906952921,0.00508026431625463,"LEMA","All","family","family"
"425",0.848857639911273,0.128118575624824,0.0324558906261188,0.00976535759428099,0.0239247211639793,"LEMA","All","family","family"
"426",0.872599080816325,-0.0811799863061547,-0.0837288231700023,-0.0185397620743044,0.0171370546434412,"LEMA","All","family","family"
"427",0.861286920825321,-0.103812363052529,-0.0308404452492289,-0.0686921942102955,0.00966183514844202,"LEMA","All","family","family"
"428",0.844194006524333,0.0100553177094551,0.00524369241887457,0.029102612951297,0.0783185418412031,"LEMA","All","family","family"
"429",0.860202255227771,-0.131501823866549,-0.0575357396658156,-0.0114353303785673,0.0417520681326353,"LEMA","All","family","family"
"430",0.854464711806086,0.0684255511428937,-0.0384995590448088,0.00995296275128905,0.0257770832285391,"LEMA","All","family","family"
"431",0.869770349657771,-0.125085524717508,-0.0773131424361776,-0.124616715679542,0.0400903266592363,"LEMA","All","family","family"
"432",0.852733716806025,-0.0302841412743318,-0.0123445672817298,-0.0126941014046899,-0.048222082427212,"LEMA","All","family","family"
"433",0.867043130007628,0.0322292814429126,-0.0369963460534741,-0.109498569331628,-0.0437851618308134,"LEMA","All","family","family"
"434",0.856056132627835,-0.144082130294219,-0.00311304966218473,-0.0227888983361646,0.0151970307444717,"LEMA","All","family","family"
"435",0.860349466296828,-0.0208569663061542,-0.038631401968523,-0.0686303564290842,0.00842675390348781,"LEMA","All","family","family"
"436",0.857327271224528,0.158836772324359,-0.024603717463252,-0.0149782750507445,0.0642915323543569,"LEMA","All","family","family"
"437",0.853997382504927,-0.0278979449165589,0.0015226093719154,-0.0500129446022315,0.0613320273821177,"LEMA","All","family","family"
"438",0.868693850780209,0.11075053118873,-0.0355947047295446,-0.0632914003055461,-0.00388862284898088,"LEMA","All","family","family"
"439",0.858821541350634,0.0883178824638473,-0.0429481869580786,0.0336578422281938,0.0183336191318201,"LEMA","All","family","family"
"440",0.870380607715867,-0.163550664528733,-0.0698472862044225,-0.0774464566510099,0.0388555838475675,"LEMA","All","family","family"
"441",0.864041138548692,0.00479166925407548,-0.0281619998051742,-0.0676970651847777,0.031584072348502,"LEMA","All","family","family"
"442",0.862618561228924,-0.116327208004337,-0.00872508527077864,-0.00969323860727006,-0.0278374658789569,"LEMA","All","family","family"
"443",0.843883333015318,-0.0798019843230007,0.0615677792798115,-0.0534828449221427,0.0445936103419596,"LEMA","All","family","family"
"444",0.856648503661314,0.0977906441655336,-0.0141846679895802,-0.0505216802995474,0.0810314045698341,"LEMA","All","family","family"
"445",0.869123778537464,-0.00173812143247654,-0.0334415707775867,-0.0240755073824323,0.0714790498653698,"LEMA","All","family","family"
"446",0.8829180050989,0.147779648977254,-0.110192215312132,-0.130375818271285,-0.0463550278519552,"LEMA","All","family","family"
"447",0.866378272623233,-0.0341425999925166,-0.0778278794738216,-0.0537435884992722,-0.0242669785104544,"LEMA","All","family","family"
"448",0.870198299495691,-0.136606094364608,-0.0664131691112144,-0.0920908031591481,0.0416072382767198,"LEMA","All","family","family"
"449",0.860526607740154,-0.0751404863802494,-0.0184830412989859,-0.0869062411936921,0.0278946266784029,"LEMA","All","family","family"
"450",0.861730240636133,0.00228717727020844,-0.0343783618960337,-0.0330011205019849,0.0771620931055471,"LEMA","All","family","family"
"451",0.875369574477553,-0.125018756444689,-0.0848671132910596,-0.107081599140864,0.0391305489631831,"LEMA","All","family","family"
"452",0.85070006499171,-0.00554481978124821,0.0178644632573464,0.022512872833879,0.0224363221260813,"LEMA","All","family","family"
"453",0.858822281092226,-0.0653982975152725,-0.00597030217690531,-0.0450950222816651,0.00710346289559012,"LEMA","All","family","family"
"454",0.858581524544298,-0.00905027402132697,0.0196605685957176,-0.0612312586005458,-0.00285994602651938,"LEMA","All","family","family"
"455",0.875353823168282,0.113600106049961,-0.141588072973634,-0.128459178297329,-0.0425845090860056,"LEMA","All","family","family"
"456",0.875489651963121,-0.106053928318142,-0.0680601341260056,-0.0110761316214002,-0.0636721783400242,"LEMA","All","family","family"
"457",0.867160906510009,0.00783377441962085,-0.084709554771083,0.00293406972888457,-0.000588099642870831,"LEMA","All","family","family"
"458",0.855681890172135,-0.0752194161697878,0.0241328145000699,-0.036989712177843,0.0457265772309362,"LEMA","All","family","family"
"459",0.867698480647434,0.102651898059789,-0.0305530425064048,-0.129006855913771,0.0291755137448115,"LEMA","All","family","family"
"460",0.867667077133349,-0.0547511007506737,-0.0420637891300323,-0.0490421316060059,0.00085814627556428,"LEMA","All","family","family"
"461",0.857627300358476,0.0191352118223023,-0.051423995540001,0.000360999851976743,-0.0109675451023604,"LEMA","All","family","family"
"462",0.866659111864909,-0.161297499448006,-0.0595133518927355,-0.116066253626252,-0.0127373016287164,"LEMA","All","family","family"
"463",0.85553538825448,-0.14296487707499,-0.00575423545917775,0.0473170454473961,0.0402578164640207,"LEMA","All","family","family"
"464",0.857314068121789,-0.0150071454740324,-0.0123677960471354,-0.104089275747333,0.0305705011175791,"LEMA","All","family","family"
"465",0.859880687672482,0.0186131704730468,0.0117369745982143,-0.0461017368623615,0.0107766800640799,"LEMA","All","family","family"
"466",0.863192651900441,-0.0481911598794261,-0.0247574387985076,-0.041612373534429,0.0210641336444252,"LEMA","All","family","family"
"467",0.870128428728443,-0.0625277419123831,-0.0707051270900123,-0.0756484247784101,0.0333665020935404,"LEMA","All","family","family"
"468",0.860775119376204,-0.044560286729849,-0.0378811204887031,-0.0349137905576325,0.034860401891437,"LEMA","All","family","family"
"469",0.862530329179718,-0.146516058448725,-0.0171299739837353,0.0282376841168028,0.0573341866839123,"LEMA","All","family","family"
"470",0.860057162192596,-0.0323614440586887,0.0379667408274176,-0.0204847699909064,-0.0178212861465006,"LEMA","All","family","family"
"471",0.847602832191973,-0.0017978304146673,0.041582295018439,-0.0984147931759444,0.0458779946417993,"LEMA","All","family","family"
"472",0.85385652850166,-0.103422269119483,-0.0320588317657824,0.000343399341991128,0.0485904763975398,"LEMA","All","family","family"
"473",0.871787339165125,-0.0990650408270718,-0.0804956571913483,-0.137821745331429,0.0604126649545663,"LEMA","All","family","family"
"474",0.871193758028274,-0.121090899178878,-0.0969768938095832,-0.0202734480936784,0.0675842581497064,"LEMA","All","family","family"
"475",0.867918756948047,-0.0613499701700142,-0.0380409252481414,-0.0905048952194017,0.0109547657097405,"LEMA","All","family","family"
"476",0.858893763982609,-0.0415381359775814,-0.000599890640020972,-0.0222519210455681,0.0261172521476059,"LEMA","All","family","family"
"477",0.867587565145148,-0.137969082228011,-0.0409933294290766,0.0271101836320924,-0.00829593696754403,"LEMA","All","family","family"
"478",0.85945393052041,0.0571997691636672,-0.0293705881907113,-0.0621620722352106,0.0551261953966854,"LEMA","All","family","family"
"479",0.852085078643728,-0.0466300878892359,0.0123304185695379,0.0380898428234844,0.0620433199675258,"LEMA","All","family","family"
"480",0.851847411268671,-0.0139337059196861,-0.00523527947192937,-0.0375997733387589,0.0428173333598556,"LEMA","All","family","family"
"481",0.863507780828683,-0.0803738923071846,-0.0752838169425301,-0.173961464395441,0.0701433155575957,"LEMA","All","family","family"
"482",0.878792982306986,-0.169137086411147,-0.075780143468088,-0.0505162845754767,-0.0411416585492109,"LEMA","All","family","family"
"483",0.870544322737176,-0.0867283081910324,-0.0588252859464353,-0.127847170862011,0.0146963978235882,"LEMA","All","family","family"
"484",0.845796249023493,-0.257229786773737,0.0632083454804617,0.0474769261502564,0.0799237646441956,"LEMA","All","family","family"
"485",0.854034897987944,-0.0220255759073498,0.00988812979319875,-0.00440665308112126,0.0133008719738852,"LEMA","All","family","family"
"486",0.874659295259249,-0.170244782849425,-0.0690755790933625,-0.0655562747868911,-0.0238794676897088,"LEMA","All","family","family"
"487",0.857193308376645,-0.331095566874473,0.0322938366736347,-0.0105716934912278,-0.00901896455028935,"LEMA","All","family","family"
"488",0.85649747977975,-0.0124751875304564,-0.044334648116915,0.0940504163722864,0.0160809788966015,"LEMA","All","family","family"
"489",0.851415200253797,-0.00871328482488087,0.0300166157171862,-0.086089702769191,0.0433373176014475,"LEMA","All","family","family"
"490",0.846729127763141,-0.149612919778609,0.0247693299690348,0.0874643813411582,0.0703100783351233,"LEMA","All","family","family"
"491",0.852264661163389,-0.181432157587288,-0.0199439752954961,0.0486990659597557,0.044347379251027,"LEMA","All","family","family"
"492",0.867758613309514,-0.150877074649746,-0.0580746395088116,-0.0483103991972017,0.015441753330288,"LEMA","All","family","family"
"493",0.853674591044194,-0.016825433972215,-0.00817683745658138,-0.0398424168619457,0.0754604342442797,"LEMA","All","family","family"
"494",0.862871861489542,-0.073276322784844,-0.0381993645850781,0.0120295186663802,0.0243936367908036,"LEMA","All","family","family"
"495",0.856092342802522,-0.328456102970314,-0.0285122289519486,0.00185757032030802,0.0200775044584236,"LEMA","All","family","family"
"496",0.858598256417593,-0.191022612385027,2.58815485814079e-05,-0.0419589265671225,0.00390352561082953,"LEMA","All","family","family"
"497",0.860523305980218,-0.0350374951913421,-0.0632714086744789,0.0492259949354172,0.0280757327215709,"LEMA","All","family","family"
"498",0.852455598194732,0.0111379970420971,0.00874455647942374,-0.0692945915103468,0.00528884822611585,"LEMA","All","family","family"
"499",0.866437580145314,-0.0161303299811646,-0.0923540026452504,-0.00403804974704368,0.000278981481130036,"LEMA","All","family","family"
"500",0.863532593067687,0.0496996680888147,-0.04696524349306,-0.0528892500325682,0.0240264282170294,"LEMA","All","family","family"
"501",0.853701964253282,0.0781855506783589,-0.0174623955038472,-0.055396394740468,0.0302985355339415,"LEMA","All","family","family"
"502",0.863023757124322,-0.104184448666168,-0.0706231306273384,-0.111131599278343,0.0793982211736131,"LEMA","All","family","family"
"503",0.874022807277901,-0.171502126659195,-0.0686538685838868,-0.124344617165627,0.0207463711026043,"LEMA","All","family","family"
"504",0.867002599002734,-0.132694599787116,-0.0269309549231533,-0.0771978244940694,0.0780293424533267,"LEMA","All","family","family"
"505",0.868517166313647,-0.105167426257006,-0.0663634607065693,-0.0494929939984827,0.0529252542719131,"LEMA","All","family","family"
"506",0.862988506446546,0.0460537595278907,-0.0589762794869553,-0.0315555918894428,0.020272815805876,"LEMA","All","family","family"
"507",0.860792700476904,-0.0558445386317299,-0.0370179874655646,-0.0283456329511854,-0.0151111730825215,"LEMA","All","family","family"
"508",0.871810333267996,-0.196724408147252,-0.0788862075992178,0.0280114840981828,0.0334373225627077,"LEMA","All","family","family"
"509",0.850916234271676,0.0497475205431199,-0.00437282828987107,0.0974499866297273,-0.0582481494699,"LEMA","All","family","family"
"510",0.855760827029549,0.0672302079226683,-0.0211183518236382,0.00542910942910982,0.125984008573333,"LEMA","All","family","family"
"511",0.872819333239892,-0.0258276245331539,-0.0979836395048037,-0.0593575830105387,-0.0154639298714821,"LEMA","All","family","family"
"512",0.861731794791013,-0.109296618586749,-0.0368652028657602,-0.0854889450033672,0.0583735605453602,"LEMA","All","family","family"
"513",0.861790596524742,0.137393540856712,-0.0383350986248363,-0.0734366729985792,0.0294167270349744,"LEMA","All","family","family"
"514",0.862072109978011,-0.0998712327987189,-0.0610225218602933,-0.0378404473526778,0.0920062635228711,"LEMA","All","family","family"
"515",0.861358069562966,0.0740302851424548,-0.0476379747946991,-0.077657451828873,-0.000558505538842166,"LEMA","All","family","family"
"516",0.857677742877533,-0.00400300775974205,-0.0128649162713048,-0.112625247635173,0.0590231171218822,"LEMA","All","family","family"
"517",0.866368070283704,0.0830522396759739,-0.0558282092499205,-0.00811650186336744,0.0529769986418649,"LEMA","All","family","family"
"518",0.864450934585177,-0.154717112027969,-0.0241349756989836,0.023128775545984,0.0346994279245845,"LEMA","All","family","family"
"519",0.855883106646814,-0.179757428129481,-0.0420789400980098,0.0228179663216441,0.0101240109908075,"LEMA","All","family","family"
"520",0.868979461853449,0.0123201032052083,-0.0713080184593413,-0.0519750246639953,-0.0211136137708405,"LEMA","All","family","family"
"521",0.862074808314499,-0.0286223764172094,-0.0293573481818458,-0.0278333169434916,0.068812667685341,"LEMA","All","family","family"
"522",0.871774208939111,0.0854466379799859,-0.108380159329607,0.061522504381025,0.0637115433296669,"LEMA","All","family","family"
"523",0.86537294321712,-0.0840045867333158,-0.0594150958479771,-0.145506237558932,0.0634552511507488,"LEMA","All","family","family"
"524",0.866565486608605,0.135216843148102,-0.0428219324786001,-0.148026966534249,0.0376799398324615,"LEMA","All","family","family"
"525",0.861468885075912,0.0554917397574379,-0.0433237120156188,-0.152663994906365,0.0375664591962013,"LEMA","All","family","family"
"526",0.875790524796958,-0.061831611146087,-0.0797209425157379,-0.0852105499848853,0.00272927091768968,"LEMA","All","family","family"
"527",0.852915451772754,0.062084962377781,-0.0306723905319091,0.00134730666212882,0.0588368351940052,"LEMA","All","family","family"
"528",0.874430062886465,-0.0612674875831694,-0.0720632880187903,-0.0748613096196952,-0.018303058295227,"LEMA","All","family","family"
"529",0.851945072848991,-0.111637181252162,-0.0140996570943784,0.0106198650143953,0.0928665014396213,"LEMA","All","family","family"
"530",0.87931119514602,-0.0725786056977872,-0.108348274492142,-0.162852134929539,0.0395527559984526,"LEMA","All","family","family"
"531",0.855251796341274,0.0405772423878681,-0.064607354068934,0.0165760857572526,0.0316392699317472,"LEMA","All","family","family"
"532",0.866599117655665,-0.149852316940377,-0.0668141945720143,-0.0654813764767305,-0.0150368446848872,"LEMA","All","family","family"
"533",0.866263069227628,-0.12855642246794,-0.0761926567654894,-0.117825766233544,0.0475946434499775,"LEMA","All","family","family"
"534",0.841300597743498,0.104586060186767,0.0226923630165332,0.0202721303474973,0.107591870890619,"LEMA","All","family","family"
"535",0.858944435420712,0.0035569474071464,-0.00381001053915953,-0.00145473657693583,0.0152075682123099,"LEMA","All","family","family"
"536",0.852182762929736,-0.0751969303707397,-0.0181083236381001,-0.039004477707625,0.059577007666232,"LEMA","All","family","family"
"537",0.856935844628162,0.0611416471551505,-0.00704677335644111,-0.00145655662642344,-0.039046709431889,"LEMA","All","family","family"
"538",0.854791168726609,0.0797433141172472,-0.000916582971798308,0.0455624764808883,0.0383602899298196,"LEMA","All","family","family"
"539",0.86618172296271,0.0438985757526997,-0.0823256469234706,-0.158344717734081,0.0788862458760301,"LEMA","All","family","family"
"540",0.85621388524584,-0.107794580471451,-0.0210154536167688,0.063862451844168,0.022529234563631,"LEMA","All","family","family"
"541",0.856688546804122,-0.0779845453840954,-0.0467846081755382,-0.0152463034071917,0.0648470227285046,"LEMA","All","family","family"
"542",0.875167776592283,-0.0554381546758753,-0.0708524664916973,-0.148419834434858,-0.0423096775727293,"LEMA","All","family","family"
"543",0.869667339912939,-0.0142875418397963,-0.101280433172556,-0.0912596761888202,0.0295018012851369,"LEMA","All","family","family"
"544",0.873681021709995,-0.143403166374897,-0.0327357120286701,-0.134801002940125,-0.00847881130575429,"LEMA","All","family","family"
"545",0.852159824950639,-0.123152705197613,0.00266136868667677,0.0161900053728549,0.0577626596228918,"LEMA","All","family","family"
"546",0.853190940404895,-0.0833070058965483,0.0122706642995885,0.0101825770697203,-0.00404607663028644,"LEMA","All","family","family"
"547",0.860533636151304,-0.220060087881836,-0.00614233312367329,-0.074176029951935,0.0296898223847353,"LEMA","All","family","family"
"548",0.852986248537405,0.0886849876619911,-0.0124044974974004,-0.0162325967599653,0.00182197009124223,"LEMA","All","family","family"
"549",0.874598430277921,-0.0105075618940985,-0.082036682958781,-0.0107720120110247,0.00542645877711292,"LEMA","All","family","family"
"550",0.841800920402379,-0.0563989619827175,0.0716255647246438,0.0266079255821989,0.053043260642155,"LEMA","All","family","family"
"551",0.872457984544987,-0.0179777742253096,-0.0423568914907571,-0.0977395414992293,-0.008863343857298,"LEMA","All","family","family"
"552",0.866666368229515,0.0557733647967336,-0.0606167408824437,-0.111931569796743,0.0150193275857632,"LEMA","All","family","family"
"553",0.856514483129144,0.0695630214320844,-0.00383221094116082,-0.0328604949270707,0.0611523858779332,"LEMA","All","family","family"
"554",0.860096431883395,0.0391400935601685,0.0062835088453872,-0.0634855185103367,-0.0311437362007779,"LEMA","All","family","family"
"555",0.863187021532823,0.0879662596506132,-0.0271703745537115,-0.0942036669106329,0.014334860234048,"LEMA","All","family","family"
"556",0.866245908566765,-0.0114549515693619,-0.0666847223781788,-0.0516226625448128,0.0110227530244739,"LEMA","All","family","family"
"557",0.85378494253293,-0.0760784864001246,-0.00591143509986514,-0.0770997821412726,0.0647835391290623,"LEMA","All","family","family"
"558",0.871979563454255,0.0239995032141371,-0.0503711816581185,-0.113956646676853,0.027085375344501,"LEMA","All","family","family"
"559",0.844634612586045,0.0824094176855528,0.0324583361387769,-0.00554469472377358,0.0801564816621969,"LEMA","All","family","family"
"560",0.861932516671367,0.0142609143047741,0.0188065582768138,-0.101607697657775,0.0742206205642112,"LEMA","All","family","family"
"561",0.864628402776533,-0.0188614438035227,-0.050531379045595,-0.0380442497980183,0.00464590225191396,"LEMA","All","family","family"
"562",0.849364666157877,-0.0840804869611544,0.0399902753564088,-0.00438781294106897,0.0608480908059449,"LEMA","All","family","family"
"563",0.863617090273848,-0.182269276668066,0.00530823984250439,-0.0260745539814439,-0.0131217777431197,"LEMA","All","family","family"
"564",0.868224880430006,0.0113003564676388,-0.0744837286732478,-0.0683890700454152,0.0571972018826557,"LEMA","All","family","family"
"565",0.856126127923902,-0.0108555993360735,-0.0188660598106019,-0.00313470224557424,0.119514129681161,"LEMA","All","family","family"
"566",0.857642192341206,-0.214761603951664,-0.047579285871173,-0.0119878436198392,0.0482156673859116,"LEMA","All","family","family"
"567",0.86097559034757,-0.118559265024031,-0.0159082317186144,0.0299477195205201,0.0372269822500941,"LEMA","All","family","family"
"568",0.863891928174524,0.0596221378221962,-0.0229164910471243,-0.0219059700936803,-0.00419171861842253,"LEMA","All","family","family"
"569",0.859489573115578,-0.14975979266902,-0.00473264050475131,-0.031192822950492,-0.0408608359207197,"LEMA","All","family","family"
"570",0.866678885363392,0.0182886994809688,-0.0396448608634111,-0.0706804917677234,-0.0220539828444913,"LEMA","All","family","family"
"571",0.867656134347382,0.0505695246767315,-0.0465358333659782,-0.123476378270232,0.0262242067158902,"LEMA","All","family","family"
"572",0.85871991239652,-0.0612500861125178,0.0121784551787547,-0.0353416711027325,0.00907846066112155,"LEMA","All","family","family"
"573",0.872658015949581,-0.0365648834113207,-0.107866315977594,-0.0502719963175205,0.0304699848642637,"LEMA","All","family","family"
"574",0.868200386001477,-0.0428879586721034,-0.0641399596707996,-0.0936052296582173,0.0478727728876781,"LEMA","All","family","family"
"575",0.864144959200119,0.10290281387834,-0.0316318531661557,-0.133375992776097,0.0573153404102229,"LEMA","All","family","family"
"576",0.869317833586016,0.0713026188609351,-0.0503509967642685,-0.0348587472580522,-0.0186384004370023,"LEMA","All","family","family"
"577",0.874220748117077,-0.329423186320662,-0.0575699315292688,-0.0628822085279671,0.0513011584037717,"LEMA","All","family","family"
"578",0.860555102563439,0.0229975847367743,-0.0366950916508407,0.0251007105259447,0.0394536154555756,"LEMA","All","family","family"
"579",0.859192747773095,0.0833523367772002,-0.040332284720947,-0.0370042632070662,0.0200953166360817,"LEMA","All","family","family"
"580",0.860096849241006,0.0203682150195623,-0.00644143665661034,0.0317539860648296,0.00820006951372028,"LEMA","All","family","family"
"581",0.868932768995035,-0.0592896587796092,-0.0276616393997078,-0.118427259196782,0.0451309250706613,"LEMA","All","family","family"
"582",0.871896932892555,0.00243849882182734,-0.0478022228258854,-0.107221502560566,-0.0099124981060105,"LEMA","All","family","family"
"583",0.872505784580782,-0.181565182403328,-0.0552376526475558,-0.0680129406095935,-0.0105059187147768,"LEMA","All","family","family"
"584",0.871177435043204,-0.040730036478233,-0.113877453179171,-0.0305275829228713,0.0338237180311442,"LEMA","All","family","family"
"585",0.848622571555066,0.0640444808600014,-0.0275980345310377,0.0376328464816571,0.0758938627667872,"LEMA","All","family","family"
"586",0.868457707472194,0.0202745153126085,-0.058366811224978,-0.041278833281967,-0.0154303304038446,"LEMA","All","family","family"
"587",0.869025276175413,-0.340960899221367,-0.05688223292745,-0.00957245165071088,-0.00725932413272374,"LEMA","All","family","family"
"588",0.85472877177845,-0.24293780980327,-0.00999472318589978,0.0167092107688496,0.0231308736942391,"LEMA","All","family","family"
"589",0.865441138603269,-0.00531370231496098,-0.0710396440857345,-0.11178652418757,0.0416109368552203,"LEMA","All","family","family"
"590",0.874364143202134,-0.0321257709278334,-0.0423230039790607,-0.0462092642009627,-0.0147098480724751,"LEMA","All","family","family"
"591",0.869424794661359,-0.00463755650394526,-0.0278583622144728,-0.0793491835198123,0.012748156342301,"LEMA","All","family","family"
"592",0.866861516641378,-0.0616414241965815,-0.0606658890736698,-0.0471544543974086,-0.0220788213694598,"LEMA","All","family","family"
"593",0.862309939718995,-0.00789093013496678,-0.072619455306498,-0.0451836949070803,0.0652601973154652,"LEMA","All","family","family"
"594",0.853950323181512,0.213652508287047,-0.0565260272766271,0.0177343003214286,0.0529308847516673,"LEMA","All","family","family"
"595",0.849571026412326,-0.145749996035494,0.00791764481545632,0.028954401587728,-0.0230391516657958,"LEMA","All","family","family"
"596",0.854004072908165,0.19168297597945,-0.0155931112951462,0.00286514149484263,0.0564443130531311,"LEMA","All","family","family"
"597",0.878448590572738,-0.059141584969749,-0.111796434455868,-0.155791850482711,0.026204672425148,"LEMA","All","family","family"
"598",0.85741147477328,-0.00182637020142362,-0.0327012865629439,-0.0522304754703621,0.0380067264745242,"LEMA","All","family","family"
"599",0.883031849642683,-0.176424245137377,-0.0986041152561917,-0.0869522698606835,-0.0315965751373581,"LEMA","All","family","family"
"600",0.865096428771153,0.014433588768856,-0.0642627525746272,-0.089942603105439,0.0347614046659337,"LEMA","All","family","family"
"601",0.858555371087497,-0.152426866564199,-0.0666632167482039,-0.0668847784445575,0.0221006487466576,"LEMA","All","family","family"
"602",0.860859387581621,0.178820338590058,-0.0582873904088893,-0.0518337719661616,0.0398877344674983,"LEMA","All","family","family"
"603",0.869111456575171,0.00785676331269514,-0.090960533415219,-0.05484449807698,0.101813211912037,"LEMA","All","family","family"
"604",0.868024779655978,-0.200173880010476,-0.0522353842125273,-0.0422864099856814,-0.0124984440101662,"LEMA","All","family","family"
"605",0.866123340254672,-0.0688646644100006,-0.0627778850605445,-0.027926675416347,-0.0274003430025502,"LEMA","All","family","family"
"606",0.862728946646101,-0.110037842775409,-0.0167341554237324,-0.0539038044531655,0.0409556234318178,"LEMA","All","family","family"
"607",0.854116235797379,-0.0664248473879357,-0.0542105005086275,-0.0333940307655492,0.0375447758415221,"LEMA","All","family","family"
"608",0.854300044168095,-0.108802637514146,0.00899794294535616,-0.00793666943233373,0.0186800904849619,"LEMA","All","family","family"
"609",0.862550379307781,-0.178234458455325,-0.00799908572275243,-0.0282690080284377,-0.0271115952049811,"LEMA","All","family","family"
"610",0.865274266656324,0.0476944840093672,-0.0756036817427106,-0.0214892990377396,0.0543054455360824,"LEMA","All","family","family"
"611",0.874171608490576,-0.127511504396559,-0.0693774395625033,-0.112880618348363,0.0693298047323121,"LEMA","All","family","family"
"612",0.855946677682809,-0.2114468095431,-0.0129161405257797,0.00761438798970354,0.0238192776827382,"LEMA","All","family","family"
"613",0.862843586475843,-0.100604768159224,-0.0488009446243948,0.0640426631678941,0.0261117014034005,"LEMA","All","family","family"
"614",0.857135244359213,-0.0262579157042169,-0.0112984675069893,-0.0356786417335992,0.0344875753531068,"LEMA","All","family","family"
"615",0.857444935674125,-0.0551494355766595,-0.0119397439833566,-0.0150547806109133,-0.0484900375000971,"LEMA","All","family","family"
"616",0.872661554885649,-0.103526123433538,-0.03038843630301,0.0150067010997508,-0.0459607619974449,"LEMA","All","family","family"
"617",0.85570185870359,-0.0867551720164573,-0.00557618742215094,-0.0179401240973365,0.0359797900228692,"LEMA","All","family","family"
"618",0.854084287376277,-0.079985117496703,-0.00890682890847661,-0.0499379339714999,0.106808320915266,"LEMA","All","family","family"
"619",0.85829625411071,-0.0656400300574812,-0.0257514629365976,-0.0302113049253438,0.0714079019681673,"LEMA","All","family","family"
"620",0.867123899953874,0.0660445887723426,-0.0727492037926598,-0.0555480008751007,0.0325814565313099,"LEMA","All","family","family"
"621",0.863692969916142,-0.0436209489130911,-0.0181494596157552,-0.0950826088404479,0.0282657275303371,"LEMA","All","family","family"
"622",0.876412776321197,-0.0359250411940707,-0.0750988675676022,-0.050238490096966,-0.0953146920536171,"LEMA","All","family","family"
"623",0.854197721489509,-0.0716962432498939,-0.0027776432972445,-0.00964041315892755,0.0351723197839918,"LEMA","All","family","family"
"624",0.875750095074332,-0.0863604341513278,-0.0911478335337541,-0.0522697476996139,0.049428468062629,"LEMA","All","family","family"
"625",0.856356825252219,0.072877781606375,-0.0253245789895526,0.0390339514182489,-0.0141355986646504,"LEMA","All","family","family"
"626",0.860710206877261,-0.187511271917901,-0.0294975891310123,-0.0199435115645989,0.0509661028906688,"LEMA","All","family","family"
"627",0.869612995053603,-0.189075751897396,-0.0476993734422074,-0.0184872060404536,-0.00415065201300431,"LEMA","All","family","family"
"628",0.871606566909922,-0.0545023033827938,-0.0301214173286992,-0.0785106845907444,-0.00483215041405254,"LEMA","All","family","family"
"629",0.865306800251668,0.0141299264425097,-0.0650240499808813,-0.0894344164389863,-0.0116479896713318,"LEMA","All","family","family"
"630",0.87851140151662,-0.0618901566451034,-0.0690008768883946,-0.121091788605949,-0.0219742819846377,"LEMA","All","family","family"
"631",0.860379972221763,-0.127256713856607,-0.0589301198361349,0.0353583543339478,0.0615926381313941,"LEMA","All","family","family"
"632",0.863678305603109,-0.281055928541374,-0.041477573344683,-0.00904957331232692,0.0139035618629558,"LEMA","All","family","family"
"633",0.861753159254424,0.00240243261821704,-0.0715620775352606,0.0166834969162701,0.0298773259540543,"LEMA","All","family","family"
"634",0.859160361612852,-0.171093251754955,-0.0152518803416616,-0.00718763495831424,0.0853032233859672,"LEMA","All","family","family"
"635",0.843851391506803,0.00716133125858986,0.0608682011576041,0.073754344741399,0.0449446735823083,"LEMA","All","family","family"
"636",0.860604932515575,-0.108652427664099,-0.00307505241987782,0.0054696461391528,-0.0340789342389686,"LEMA","All","family","family"
"637",0.87281945294441,-0.0422153860077399,-0.060689678793989,-0.106976796178557,-0.0245535645662132,"LEMA","All","family","family"
"638",0.870310779278621,0.145172990261446,-0.113059980710677,-0.048208773768253,0.0603934606831587,"LEMA","All","family","family"
"639",0.864835331871954,-0.187934552151801,-0.0234575368092065,-0.0327431398877258,0.104975475814892,"LEMA","All","family","family"
"640",0.86538732135297,0.0441770127877257,-0.0747319818412998,-0.0875822713251627,0.0744985434196094,"LEMA","All","family","family"
"641",0.871269807924299,0.10406318337701,-0.0847834320766534,-0.0249572605932116,0.0418886025139105,"LEMA","All","family","family"
"642",0.855878104935791,-0.0203529343937684,0.00502912971992853,-0.0232858242527057,0.044344936821452,"LEMA","All","family","family"
"643",0.870079368248797,0.0202481158752439,-0.0218287139640981,-0.0164295234505636,-0.0394816497341308,"LEMA","All","family","family"
"644",0.862819584268787,-0.0999289587565219,-0.0453550834364398,0.0867966361066724,-0.0214624068949433,"LEMA","All","family","family"
"645",0.861014513475416,-0.104783081555112,-0.0596136770196062,0.0135813535085608,0.0774521690285826,"LEMA","All","family","family"
"646",0.868330215885195,-0.151104096806469,-0.114271815669977,-0.0267451089482008,0.00267991376768587,"LEMA","All","family","family"
"647",0.876895541740967,-0.179967368507223,-0.0945751887983474,-0.0440386593776339,-0.0496550114827907,"LEMA","All","family","family"
"648",0.871862474565239,-0.163220695379172,-0.0871818831136754,-0.0852972056822502,0.000811345669935206,"LEMA","All","family","family"
"649",0.86867456307476,-0.0247582901689504,-0.0709128293127668,-0.104278295507181,-0.0149434300360246,"LEMA","All","family","family"
"650",0.863282436525001,-0.129423425105706,-0.0435945518669734,-0.00850972510913102,0.0164659126621729,"LEMA","All","family","family"
"651",0.856826989955716,-0.0592912836694057,-0.00871786494297111,0.0141006465427439,0.0493966213797966,"LEMA","All","family","family"
"652",0.850438858124996,-0.106770699476831,-0.0420635495582332,-0.0345064517916135,0.0425099343825738,"LEMA","All","family","family"
"653",0.869785092274199,0.00820062395840027,-0.059901487419011,-0.162752394350711,0.0314999945555283,"LEMA","All","family","family"
"654",0.847044057148254,0.0769903971789498,0.0381170156721407,-0.0516390498973489,0.0715306227345485,"LEMA","All","family","family"
"655",0.858372022213375,0.00798766020247133,-0.0733696085797496,-0.0317862360237514,0.113849002038045,"LEMA","All","family","family"
"656",0.866291865401562,-0.24411101698742,-0.0210216092293755,-0.0660172383335357,0.0228476002397439,"LEMA","All","family","family"
"657",0.874448566805039,-0.0945671182319325,-0.0766740526187406,-0.197341666561959,0.0517821814632674,"LEMA","All","family","family"
"658",0.875772333580836,0.13881608681285,-0.0935063950233722,-0.156124313849126,-0.00805864836811888,"LEMA","All","family","family"
"659",0.860174935054817,-0.0619113034567783,-0.0254840708396056,-0.0285832108496866,0.0328871048379665,"LEMA","All","family","family"
"660",0.852598010155379,0.01891622394419,-0.00785138432618027,-0.0831468708848871,0.0899317316455809,"LEMA","All","family","family"
"661",0.852877037648185,-0.214968958042641,0.0344302089891126,0.0256315992547895,0.0605488915249636,"LEMA","All","family","family"
"662",0.852719096648135,-0.0637688429613424,0.0267032598590848,-0.13511424614199,0.0496319129855953,"LEMA","All","family","family"
"663",0.853416851482984,0.0778843922040655,0.0185006219451112,-0.0241508991999469,0.0481452247308899,"LEMA","All","family","family"
"664",0.863844832413578,0.0317813274658205,-0.0491497071371847,-0.098885420756734,0.031570211694345,"LEMA","All","family","family"
"665",0.876208064348976,-0.120111674968533,-0.0439865684625795,-0.0703911602532139,-0.0444444839563306,"LEMA","All","family","family"
"666",0.875636441221954,-0.0418725400403422,-0.120534268435128,-0.0630676764873045,0.0553227050958714,"LEMA","All","family","family"
"667",0.861760558163862,0.17747433735352,-0.0254454187445322,-0.105438367606749,0.0374317298143222,"LEMA","All","family","family"
"668",0.870143196792543,-0.172735316944193,-0.0922328296001342,-0.054433673789178,-0.0187509168039017,"LEMA","All","family","family"
"669",0.869364548947126,0.0155553873482737,-0.0874247508165538,-0.11642167592066,0.0135239959397197,"LEMA","All","family","family"
"670",0.859353563950077,-0.136726997848697,0.00774284144459814,0.0684702180077376,0.00454983277796294,"LEMA","All","family","family"
"671",0.85331391806663,-0.0583055800076168,-0.0406529742253304,-0.01769578210491,0.0315318684176301,"LEMA","All","family","family"
"672",0.866430268919674,-0.230585824698869,-0.0291538151703492,0.0183464050082488,0.0311325562159627,"LEMA","All","family","family"
"673",0.877819295437181,-0.284026257152546,-0.0876074604358779,-0.0389081753576324,0.0111124376129447,"LEMA","All","family","family"
"674",0.852917875095847,-0.0854334002711499,-0.00931094450610737,0.0702865619230074,0.0365809181782586,"LEMA","All","family","family"
"675",0.869286035402873,0.130870729530528,-0.0268771924468257,-0.0626503735945743,-0.00612092777258864,"LEMA","All","family","family"
"676",0.87630585508159,-0.11668487436291,-0.116985726842165,-0.122822071281048,0.0405457468855134,"LEMA","All","family","family"
"677",0.858238745080141,-0.0134626061627081,-0.00590781307915966,-0.0940849753570241,0.0536057626669575,"LEMA","All","family","family"
"678",0.859228902426712,0.0799572266448603,-0.045915778091781,-0.019366590784026,0.0436973552276703,"LEMA","All","family","family"
"679",0.876972651731643,-0.040036359090409,-0.0621467297094049,-0.0875112044016658,0.027149244457628,"LEMA","All","family","family"
"680",0.858346890559447,-0.0510116639566995,-0.0534815554017465,0.0164365945355218,0.0862492958505467,"LEMA","All","family","family"
"681",0.867512168725741,-0.0279165624629959,-0.0149933600151234,-0.0333958536335157,0.0087930358962881,"LEMA","All","family","family"
"682",0.863602183487897,-0.0949715669152658,-0.0526195668204387,0.00592858132627563,0.0143618459773892,"LEMA","All","family","family"
"683",0.85414270740155,-0.0620677518513287,-0.0278251030469854,-0.0497605787529488,0.0475784867559671,"LEMA","All","family","family"
"684",0.863800656178405,-0.0760523152740595,-0.0572423314558203,-0.0145044274889423,-0.0140799945741824,"LEMA","All","family","family"
"685",0.868163269524483,-0.121457124479064,-0.0831281670084771,-0.102576883577043,0.0127203176403987,"LEMA","All","family","family"
"686",0.864771004976077,0.0354184979794203,-0.072485232986689,-0.0352010611058892,-0.0269713619053088,"LEMA","All","family","family"
"687",0.876681501850243,-0.112484195970764,-0.112879731500814,0.00287718920562083,-0.0448829369312515,"LEMA","All","family","family"
"688",0.85705226590027,0.0598559899968265,-0.00291442540011921,-0.0531180633520587,0.0819932383859113,"LEMA","All","family","family"
"689",0.858207360054286,-0.359129487463429,-0.0253622570719352,0.00102664500558737,-0.00961137013162281,"LEMA","All","family","family"
"690",0.867599928080854,-0.392545596443698,-0.0601878429030165,0.0266590353439891,0.0348631994870945,"LEMA","All","family","family"
"691",0.865507096366038,0.0188526035584224,-0.0322070221156672,-0.137294586474947,0.0436034200363175,"LEMA","All","family","family"
"692",0.864098284815488,-0.149345703507239,-0.0349609648752024,-0.0719626607318472,-0.0193881606301756,"LEMA","All","family","family"
"693",0.861980695553759,-0.0362151289232434,-0.0142517728389032,-0.0274663354181036,0.0176297455008342,"LEMA","All","family","family"
"694",0.857369455038885,-0.177207538588839,-0.0323431449785894,0.0935943279250488,0.00354581514180716,"LEMA","All","family","family"
"695",0.86328349763672,-0.0734862061291771,-0.0664949878307284,-0.0193314837051797,-0.0094291427745999,"LEMA","All","family","family"
"696",0.877228777265418,0.337002761172521,-0.0824949622223377,-0.147853896809652,0.0117233939840523,"LEMA","All","family","family"
"697",0.864524820830996,-0.0923877503027988,0.00904090612459796,-0.0347983843547878,-0.0114620291911991,"LEMA","All","family","family"
"698",0.84790885551791,-0.103765172608215,0.0369781353921577,0.021119320332462,0.0686613184163974,"LEMA","All","family","family"
"699",0.860431254378656,0.0478447225503609,-0.0255182329387463,-0.012760253114541,0.0341065987168383,"LEMA","All","family","family"
"700",0.86398970046418,-0.0635048832387782,-0.0459616138476296,-0.00357906810534381,-0.0115469654840724,"LEMA","All","family","family"
"701",0.867942935096067,0.0932352989436365,-0.0606219759968627,-0.0397888486585666,-0.0461159329758559,"LEMA","All","family","family"
"702",0.861381962676079,-0.183424145218624,-0.0428944854936414,0.0693041978722168,-0.0202926778234198,"LEMA","All","family","family"
"703",0.867446344437427,-0.0683300445992451,-0.0768326093370252,-0.147049808794099,0.0720050313726056,"LEMA","All","family","family"
"704",0.857872763259913,0.0366886398349493,-0.0123481923497282,-0.0629683515822376,0.0348649225125729,"LEMA","All","family","family"
"705",0.854585958568558,-0.0966091174076762,0.0484898766636552,-0.0466934694101996,0.0143252030845814,"LEMA","All","family","family"
"706",0.859535008285445,-0.0443212369508863,-0.0584199841805043,-0.0627044823879039,0.0635723795769283,"LEMA","All","family","family"
"707",0.853257776319797,0.135366100422252,-0.0314403661539869,-0.037672176539018,0.0218375447013313,"LEMA","All","family","family"
"708",0.869318850239226,-0.0743164889900584,-0.0675592159842091,-0.124460449537263,0.0198842586547465,"LEMA","All","family","family"
"709",0.874107525499811,-0.18655978338068,-0.0748231762216238,-0.0485178682352761,-0.0266767106386439,"LEMA","All","family","family"
"710",0.861973911741338,0.0993059637161859,-0.0259823052509799,-0.0837355701408847,0.0314467595237321,"LEMA","All","family","family"
"711",0.866792114565211,0.182617127123664,-0.0415885796446775,-0.0783296204335256,-0.000633065534363091,"LEMA","All","family","family"
"712",0.865231251091002,-0.100475895536713,-0.00948168411378925,0.0338676611279213,-0.0284575464091242,"LEMA","All","family","family"
"713",0.866342000619485,-0.0302942915844723,-0.0216994622140767,-0.0485513942540738,0.0205305685511252,"LEMA","All","family","family"
"714",0.866816442617007,-0.124381529022829,-0.031076967437455,-0.0373260569910488,-0.0857728666549378,"LEMA","All","family","family"
"715",0.881918254173251,-0.136386839851367,-0.117675763796521,-0.0464929373820064,0.00148734781731837,"LEMA","All","family","family"
"716",0.863276692390009,-0.153955852041144,-0.0240778005233038,-0.0645819279370386,0.0565936703792859,"LEMA","All","family","family"
"717",0.874883150227917,-0.21408471604908,-0.094443316520178,-0.0139533826488606,-0.0134394662480012,"LEMA","All","family","family"
"718",0.868664428886666,-0.0909345041218723,-0.0496662657323552,-0.0374117605357608,-0.0108260033323618,"LEMA","All","family","family"
"719",0.85880011243358,-0.139208335310669,-0.0158967841614247,0.0356109978207117,0.04732753273657,"LEMA","All","family","family"
"720",0.867085446251442,-0.16328725289605,-0.0219515685841941,-0.0639285220465189,0.0421273400282277,"LEMA","All","family","family"
"721",0.873993167376992,-0.0704922673931138,-0.0342749541883955,-0.0787914177179629,0.00100977610536268,"LEMA","All","family","family"
"722",0.859100674928661,-0.239622081097456,0.0224143192689268,0.00317649569894234,0.0146408712878183,"LEMA","All","family","family"
"723",0.870730679595693,-0.118394874349042,-0.0321536187154988,-0.0714975444233961,0.0200758042539655,"LEMA","All","family","family"
"724",0.879053020583909,0.0065098218113111,-0.0820191128527946,-0.190288019618281,-0.00874476526588783,"LEMA","All","family","family"
"725",0.851350990535609,-0.0408087946411986,-0.00264433344780901,-0.0125741897843887,0.0447984025654507,"LEMA","All","family","family"
"726",0.869923466101405,-0.133894200263391,-0.0612812357381959,-0.114923678617923,0.00455301094436796,"LEMA","All","family","family"
"727",0.852319066369584,0.0633792663984141,-0.00161479965146438,0.00711662403160927,0.0785469922305966,"LEMA","All","family","family"
"728",0.846492624259746,0.0080046625192447,0.0266958860751965,-0.0018013785665216,0.0459793503403834,"LEMA","All","family","family"
"729",0.865794115636473,0.0895745662848983,-0.0858330796296947,-0.0763581888224529,0.0464724809066166,"LEMA","All","family","family"
"730",0.865151264469885,-0.0484827167353067,-0.0624788092171799,-0.0959603720356665,0.00971766041066106,"LEMA","All","family","family"
"731",0.861422722965499,0.0344980606540088,-0.0483903211491705,-0.0677839208137674,-0.0288051736707479,"LEMA","All","family","family"
"732",0.862973883654134,-0.106766232561667,-0.0428910720777571,-0.0297364890925142,-0.019643324868924,"LEMA","All","family","family"
"733",0.870397619140106,-0.208538590293151,-0.057792261709656,-0.0745558231142845,0.0173662626540794,"LEMA","All","family","family"
"734",0.865931963406984,-0.10070479263295,-0.0811812660745764,-0.050233239613996,0.0662805737706235,"LEMA","All","family","family"
"735",0.85533055034368,0.0920586874395106,-0.00507433236916377,-0.00453418380984482,0.0230725068714797,"LEMA","All","family","family"
"736",0.870220925371742,0.00736807958759389,-0.0771370173517032,-0.0645879667510636,0.0462085402043639,"LEMA","All","family","family"
"737",0.86151864841391,4.08431991438807e-05,-0.0566239573268604,-0.0141113649023605,0.0469753774521485,"LEMA","All","family","family"
"738",0.861697392113004,-0.0709698819818709,-0.0810972760435756,-0.0516843785491754,0.122115421950236,"LEMA","All","family","family"
"739",0.854235147484182,0.0460311720732418,-0.0719350210897086,0.0628200565221217,0.0778190463939189,"LEMA","All","family","family"
"740",0.86268663768084,-0.188881872304536,-0.0414341556442538,-0.100722326017758,0.0294961653235708,"LEMA","All","family","family"
"741",0.854727527819039,0.0804541890074826,-0.030791159501509,0.0367216902635628,0.0411682775347548,"LEMA","All","family","family"
"742",0.871519337540361,0.0837689844502532,-0.0721146277927772,-0.097396516289136,-0.0237279050914857,"LEMA","All","family","family"
"743",0.866721765662814,-0.191441316590592,-0.0337721075187336,-0.0280801267166533,0.054862983156895,"LEMA","All","family","family"
"744",0.862848266537706,-0.285546785248951,-0.0586579017734712,-0.0121155617760896,0.0158962449656387,"LEMA","All","family","family"
"745",0.850762971861248,-0.0721226795535848,-0.00455330016194933,-0.039372123777669,0.111095158006819,"LEMA","All","family","family"
"746",0.8659494215632,-0.125007241139329,-0.086053688576571,0.0310626209335893,0.0218973245199665,"LEMA","All","family","family"
"747",0.86331662653054,-0.175986949302339,-0.0257230910113506,0.0977874911911082,0.00287120019292052,"LEMA","All","family","family"
"748",0.874518657982276,-0.105269279055811,-0.0662574688000781,-0.138492773943326,0.000161755483696052,"LEMA","All","family","family"
"749",0.861939721728631,0.000361922439230389,-0.0624445446878823,0.00660941137183751,0.0133023003450179,"LEMA","All","family","family"
"750",0.863991535270712,-0.19656404091879,-0.0457079114039927,-0.0423654074424097,0.0552927429529155,"LEMA","All","family","family"
"751",0.863863204551555,-0.23079285437945,-0.0222907203899297,-0.0277941859710652,-0.0343689924754183,"LEMA","All","family","family"
"752",0.86758087182764,-0.113550431694229,-0.031246290120083,-0.0688064204135566,0.0279908367650867,"LEMA","All","family","family"
"753",0.865682919250464,0.0339090293910065,-0.0329825298084176,-0.0488618618777063,-0.030432031272372,"LEMA","All","family","family"
"754",0.863070824757332,-0.0706502192302648,-0.0147456328626282,-0.0704417166354255,0.0647600370555585,"LEMA","All","family","family"
"755",0.865999928299659,-0.105507256203823,-0.0666356075893194,-0.0185485221327083,0.0437241312389247,"LEMA","All","family","family"
"756",0.858060002780037,-0.0140087574760486,-0.0526875466507092,-0.0403226235911087,0.0947880146288524,"LEMA","All","family","family"
"757",0.853464202771866,-0.124994655314397,0.0167006664004654,0.00898672259622406,0.0083260558938176,"LEMA","All","family","family"
"758",0.866819721561422,0.0314188257261998,-0.0111571617160929,-0.0483863287154062,-0.0692406611600097,"LEMA","All","family","family"
"759",0.869540186416473,-0.0136236572989799,-0.080835916737682,-0.0190964137728394,0.0153485077585764,"LEMA","All","family","family"
"760",0.862530964878663,-0.0155727112496378,-0.0353349210147955,-0.101377938842717,0.0737823437015913,"LEMA","All","family","family"
"761",0.83634636534452,0.0347334954131275,0.107776447118759,0.0743981111867652,0.00695995789724856,"LEMA","All","family","family"
"762",0.875210313790635,-0.0425126766796065,-0.0249929083598306,-0.0503687352941071,-0.0333209426605481,"LEMA","All","family","family"
"763",0.879356934402715,-0.0846735908421999,-0.113158988784532,-0.0411675677516588,-0.00680763662686433,"LEMA","All","family","family"
"764",0.856447892873601,-0.0423593279173277,-0.0245925383530826,-0.0562772872525895,0.0561556312119243,"LEMA","All","family","family"
"765",0.869151326255268,-0.00214796101547177,-0.0667285822948037,-0.0973960285363487,0.0345542262873511,"LEMA","All","family","family"
"766",0.863301584973861,-0.0322314918666275,-0.0623216943569663,-0.0697072587966544,0.0618151473254153,"LEMA","All","family","family"
"767",0.868308491624786,-0.0709016325339054,-0.0292554898737188,-0.104293446021092,0.00248043651949495,"LEMA","All","family","family"
"768",0.858326058440508,-0.0419965604151393,-0.0034689403218372,-0.0309642997624535,0.0228928050504289,"LEMA","All","family","family"
"769",0.86028842938504,0.047217234857686,-0.0272605778401301,-0.0697083526115272,0.0400964464223384,"LEMA","All","family","family"
"770",0.852287166594426,-0.139549396943528,-0.0378638124810478,-0.0298168845512117,0.0542161041311991,"LEMA","All","family","family"
"771",0.875390742091339,0.0570186373843058,-0.091225843250862,-0.129037461050305,0.0730190586696462,"LEMA","All","family","family"
"772",0.862476609305783,-0.131359411088606,-0.0490468979785615,2.94542620201677e-05,0.0479259616486794,"LEMA","All","family","family"
"773",0.859249522019784,0.185586198318904,-0.019443997047827,-0.0157730962216677,-0.0134065713271508,"LEMA","All","family","family"
"774",0.875005401216822,-0.0714069415428423,-0.0622637327746016,-0.128086453576037,0.111638347973563,"LEMA","All","family","family"
"775",0.85889932691983,-0.108248088955514,-0.04585104800451,0.0585306768145913,-0.0463283213885554,"LEMA","All","family","family"
"776",0.881211622706618,-0.152476927869193,-0.156459049930911,-0.0622740546996764,-0.0265469343811827,"LEMA","All","family","family"
"777",0.860856204105945,-0.121736205045851,-0.0461303634814244,-0.0373558391116794,0.0325269356985518,"LEMA","All","family","family"
"778",0.863426079687494,0.148648902187362,-0.0344814370898557,-0.14878726752458,0.0826348770867645,"LEMA","All","family","family"
"779",0.865748986576275,0.0229984370184195,-0.0793768147887397,-0.0642134414796419,0.0247739443349676,"LEMA","All","family","family"
"780",0.85091813537419,0.0753969024038612,-0.0144360681618069,-0.0276789338041789,0.064170565653147,"LEMA","All","family","family"
"781",0.849807502227406,-0.229828588937706,-0.014139263362056,-0.0434270006731616,0.105547024798451,"LEMA","All","family","family"
"782",0.848558022172923,0.0496609424812922,0.0580144552250776,0.0542893128814547,0.0284892112667374,"LEMA","All","family","family"
"783",0.858344073927425,0.0378137017488942,-0.0326416007659837,-0.0656618142331814,0.0406225569344508,"LEMA","All","family","family"
"784",0.875045285671305,-0.217510329904396,-0.0769321159852929,-0.0549947467132762,0.0259582428026569,"LEMA","All","family","family"
"785",0.85511375659456,0.0584567665395108,-0.034120996269186,0.118651209603599,-0.0225871668247386,"LEMA","All","family","family"
"786",0.858515534236553,0.0618654252628512,-0.0759590012521313,-0.0458820355672535,0.0440501928856986,"LEMA","All","family","family"
"787",0.857960148887018,0.125557065636627,-0.00362855130599682,-0.0796790929085138,-0.0129757943796007,"LEMA","All","family","family"
"788",0.854529328641566,0.192067504136172,0.00547010739518727,-0.0465762477325538,0.0407023706891351,"LEMA","All","family","family"
"789",0.870744628902894,-0.0947516312408788,-0.0899427082592191,-0.043603946377643,0.0308051546193721,"LEMA","All","family","family"
"790",0.864119523928953,-0.0639623390277924,-0.0288927947410843,-0.0670795993869428,-0.0172090178425147,"LEMA","All","family","family"
"791",0.861936727626757,-0.0188834616650783,-0.0352136267073856,0.0124782816171708,0.0305860580377533,"LEMA","All","family","family"
"792",0.867647481664694,0.1557278111612,-0.0630313842866775,-0.0389872711939863,0.0292219646649626,"LEMA","All","family","family"
"793",0.856996044019382,-0.152098063463562,0.0266714373962016,-0.0250690829601777,-0.00767660615483589,"LEMA","All","family","family"
"794",0.863804065126747,0.0376573318399567,-0.0593441735866368,-0.0627191666302949,0.052754567748483,"LEMA","All","family","family"
"795",0.87390710207091,0.13586707737873,-0.0652063509484124,-0.0711135605824204,-0.0121588853816071,"LEMA","All","family","family"
"796",0.863517038331878,-0.0816842824955399,-0.0163680249486681,0.0147944139558728,-0.0189175545196829,"LEMA","All","family","family"
"797",0.862022376974972,-0.119594182174745,-0.0142366196463948,0.0442974349952399,-0.0239117685229687,"LEMA","All","family","family"
"798",0.853200522948044,-0.0849057800598759,0.00803699814114411,-0.0293433427402857,0.0262183035393984,"LEMA","All","family","family"
"799",0.865951341587267,-0.123132111191528,-0.0405474028221314,-0.0333273801515596,-0.0346032375302659,"LEMA","All","family","family"
"800",0.873834577085031,-0.200283436395212,-0.0347064074106231,-0.136756178486699,0.0334759466301799,"LEMA","All","family","family"
"801",0.849539198951038,0.106752954847567,-0.000496584211262641,0.00883445269527932,0.0329822266053579,"LEMA","All","family","family"
"802",0.865525755252679,0.0107276950107498,-0.0593898173871089,-0.0610766167167512,0.033414217361684,"LEMA","All","family","family"
"803",0.864718269246717,0.111969154592441,-0.0472231524373053,-0.0264477224424021,0.0297387693794604,"LEMA","All","family","family"
"804",0.870585865396992,0.0335435511714466,-0.0923793165479757,-0.000216231468057186,0.0284746739668762,"LEMA","All","family","family"
"805",0.853340825876364,-0.0464556638194276,0.00178728598945654,0.0291981817811844,0.0857804672591872,"LEMA","All","family","family"
"806",0.870500128302485,-0.0810883716159692,-0.103832011853666,-0.0419359540584559,0.0529402418199879,"LEMA","All","family","family"
"807",0.85017680876005,-0.143336205093697,0.0131388742581329,-0.0277025691723073,0.0116150008855168,"LEMA","All","family","family"
"808",0.844801055939514,0.0170635514058453,-0.00226011955420435,0.00872755163915407,0.0993127363657341,"LEMA","All","family","family"
"809",0.858790507272801,0.0818232810266013,0.0184888226188114,-0.0619750731903809,-0.0110912414640526,"LEMA","All","family","family"
"810",0.856072084223196,-0.00691931576697147,-0.00380645610281882,-0.0861824879710492,0.0244965232891245,"LEMA","All","family","family"
"811",0.864692407217189,0.0429077798991466,0.00210408491899883,-0.0787260196140802,0.0375872549376824,"LEMA","All","family","family"
"812",0.858000755076841,-0.0848574567225948,-0.0660489502153371,-0.0101123249788,0.0224756267255327,"LEMA","All","family","family"
"813",0.867900280686431,0.0660322469328192,-0.0591630424658146,-0.0107605397760398,-0.0449649392121722,"LEMA","All","family","family"
"814",0.849947863692637,0.0621481659370173,0.00918059644310842,-0.0127398407530769,0.00808139644463793,"LEMA","All","family","family"
"815",0.856716879315365,0.0339396859985364,-0.0312306055009889,-0.0130355841647507,-0.050689469200187,"LEMA","All","family","family"
"816",0.867068267940272,-0.0490840582493448,-0.0632873861392055,-0.0324508223057074,-0.0228499770292458,"LEMA","All","family","family"
"817",0.845298004028866,-0.0329858185689088,-0.030646356262203,-0.0595599583731497,0.0742541579311352,"LEMA","All","family","family"
"818",0.856056961342778,-0.107518854579157,-0.0229362574288735,0.0835382936345065,-0.0144219640904324,"LEMA","All","family","family"
"819",0.874077059274985,-0.129706498610455,-0.0779857651755786,-0.134825139036963,0.0604323539308923,"LEMA","All","family","family"
"820",0.862622608129833,-0.177310517132276,-0.0214744857507257,-0.0467120687151351,0.0247987373995027,"LEMA","All","family","family"
"821",0.854394145059872,-0.108266017298017,0.0118141913994492,-0.0162657414075421,-0.0164460284658164,"LEMA","All","family","family"
"822",0.867536725696221,-0.0682950070559922,-0.0666311636998788,0.0185403031041987,0.00868069805277516,"LEMA","All","family","family"
"823",0.865118820048669,0.0154784295376731,0.00302757141450449,-0.0684891175818547,0.0310150727606216,"LEMA","All","family","family"
"824",0.876736425153508,-0.171170550387434,-0.0801956449262223,-0.0809035034100965,-0.0356683598942456,"LEMA","All","family","family"
"825",0.854935600879948,0.0311573855558567,0.0176645880573139,0.00321518918492798,0.00681563811299186,"LEMA","All","family","family"
"826",0.864533574007621,-0.0499889673303655,-0.0576984724729266,-0.0684818350284897,0.0851542026404553,"LEMA","All","family","family"
"827",0.855844619879436,-0.0502060111423202,-0.0157217744033901,0.0351177949220025,-0.000907169565126131,"LEMA","All","family","family"
"828",0.858282488794129,-0.00533753978732621,-0.00940739471062302,0.0469134336030982,0.00952635540943403,"LEMA","All","family","family"
"829",0.854385529472002,-0.108260868917849,0.0157019548088932,0.00769749385720646,0.0212007985574751,"LEMA","All","family","family"
"830",0.859332422167024,-0.0188490322296837,-0.00549840194450157,-0.0619802185468653,-0.0463882813253386,"LEMA","All","family","family"
"831",0.852874718293636,-0.00376207618496027,2.614075921481e-05,-0.0633089155163412,0.10225259167986,"LEMA","All","family","family"
"832",0.85420852956874,-0.108036407389576,-0.0453437064158047,0.00134428933034276,0.0565760001868291,"LEMA","All","family","family"
"833",0.855058819509073,-0.0752935389349622,-0.00485320615132578,0.00821369750804844,-0.00298354340944008,"LEMA","All","family","family"
"834",0.851682091199817,-0.0744793164056077,0.0279456816219825,-0.0619820337090971,-0.0238059001419127,"LEMA","All","family","family"
"835",0.858875553236397,-0.0344400358996362,-0.0117657074325573,-0.0917508649978371,0.0156025437088597,"LEMA","All","family","family"
"836",0.871809273440644,-0.179288119164746,-0.0744828893476793,-0.0441430287845218,0.0522819123332506,"LEMA","All","family","family"
"837",0.864741668351415,-0.0853113384486357,-0.0344154272713028,-0.0620979714453585,0.0294469293422762,"LEMA","All","family","family"
"838",0.853659881191269,-0.163864103689691,-0.022201056792547,0.0241421895532879,0.0156666734924345,"LEMA","All","family","family"
"839",0.872339046047133,-0.0722894818547408,-0.117311134132946,-0.0902471455186696,0.0741624156152321,"LEMA","All","family","family"
"840",0.861862250553203,-0.237660348689643,-0.0334165556323782,-0.0495326756446461,0.105724177954246,"LEMA","All","family","family"
"841",0.859595278878339,0.055482183489804,-0.010848449362674,-0.111085336508525,0.0658068763068844,"LEMA","All","family","family"
"842",0.860405751200547,0.0243819753239691,-0.0162958781954911,-0.0805890536001302,0.034827226859525,"LEMA","All","family","family"
"843",0.860891276165858,-0.136917341872628,-0.0744110994609177,0.00825588624271059,0.0543304087554899,"LEMA","All","family","family"
"844",0.863734505469531,-0.0604474766858875,-0.0442773662994612,0.0102769819128962,0.0037180008878723,"LEMA","All","family","family"
"845",0.865373032420223,-0.193742743143761,-0.0230073250080005,0.0212054928075801,-0.0146313345274468,"LEMA","All","family","family"
"846",0.855787174869076,0.0425119905350793,-0.0431345280658024,-0.0187573681312246,0.045536390639817,"LEMA","All","family","family"
"847",0.865963536532374,0.0723492057901181,-0.0146672647257879,-0.114944327494135,0.0118649291521326,"LEMA","All","family","family"
"848",0.854542602075472,-0.0603577089667339,-0.00967998062917697,0.0147458227553141,0.0176841398246536,"LEMA","All","family","family"
"849",0.853407908597743,0.05067350351987,-0.0249906957464578,-0.0855133996913388,0.141988000289348,"LEMA","All","family","family"
"850",0.856002276907869,-0.0940599960150871,-0.0414199938009044,0.11269469004355,0.0203796737019969,"LEMA","All","family","family"
"851",0.849069329412088,-0.018241270851349,0.00954040998568106,0.0150790721316232,0.0519451288778542,"LEMA","All","family","family"
"852",0.847355195308257,-0.0615908641420209,0.0209830324499607,-0.00705497786069683,0.0788390987114768,"LEMA","All","family","family"
"853",0.872939560051497,0.0357395729669638,-0.0483945259508617,-0.148014926789345,-0.0271396674609516,"LEMA","All","family","family"
"854",0.864398144042707,-0.0645821179074995,-0.0654635326398869,-0.0825112089814665,0.104850938657923,"LEMA","All","family","family"
"855",0.868581859214557,0.00784313233655487,-0.084207731184206,-0.144485283570744,0.00871100394218468,"LEMA","All","family","family"
"856",0.861320038318123,-0.0725490380090862,-0.0413637420160309,-0.105797045673502,-0.013552891648002,"LEMA","All","family","family"
"857",0.868768017698414,-0.0651286676504048,-0.0606592086230432,-0.0526621496516648,-0.00997782280727943,"LEMA","All","family","family"
"858",0.859469281252848,0.00545843556467651,-0.0454801894852929,-0.0314632708783023,0.0335315953140652,"LEMA","All","family","family"
"859",0.846539141128758,-0.133292465528356,0.00453135023325246,0.0265423026331421,0.0505685280418702,"LEMA","All","family","family"
"860",0.864387694140962,0.0415142069470347,-0.0536882346495523,-0.0508603945284486,0.0163127825087131,"LEMA","All","family","family"
"861",0.87483756823594,-0.0338492405044284,-0.0270038981592624,-0.0213359216414144,0.000326920458854103,"LEMA","All","family","family"
"862",0.866770809173337,-0.134470312440552,-0.0888092567519126,-0.0452377267718759,-0.0118961512394406,"LEMA","All","family","family"
"863",0.86346050090233,-0.118677642191974,0.0152048935697062,-0.0247317592442681,-0.0343176208374043,"LEMA","All","family","family"
"864",0.867589906674003,-0.205957705974159,-0.027489544238952,-0.0580905717742104,-0.0196126803484695,"LEMA","All","family","family"
"865",0.870740384731131,-0.200328608476142,-0.0861564732248137,-0.040596465796351,0.0359745966195311,"LEMA","All","family","family"
"866",0.864555920376525,0.14388102205403,-0.0540866029558362,0.00739110899235868,0.0621805366457737,"LEMA","All","family","family"
"867",0.859961200710215,-0.0922715127502975,0.0201532236605548,0.0526331159552227,0.017430337920566,"LEMA","All","family","family"
"868",0.85823302275483,-0.0504481369042047,-0.034850266681016,-0.0158764841428008,0.0694637070677216,"LEMA","All","family","family"
"869",0.86784860760608,-0.110079445383271,-0.0316046038501342,-0.023904137795228,-0.04343482104531,"LEMA","All","family","family"
"870",0.857294133266668,-0.0800368268723007,0.0383668127454111,-0.0417890271992926,-0.0093438858042575,"LEMA","All","family","family"
"871",0.859619368705723,0.00414363179811961,-0.00860736187213307,-0.0377638699692127,0.051966258276542,"LEMA","All","family","family"
"872",0.86357991771334,0.138700557780524,-0.0425805272463919,-0.0589774771422104,0.0645883917855511,"LEMA","All","family","family"
"873",0.869000129918336,0.0289905345474435,-0.0821409522125137,-0.0744646525291888,-0.00363413976070734,"LEMA","All","family","family"
"874",0.853984374313148,0.0455089585213961,0.0456623446538755,-0.0457906001586557,0.0782490332280559,"LEMA","All","family","family"
"875",0.860242147952861,-0.0626564823874945,-0.0151324904636091,-0.0221612153823683,0.0518138965737058,"LEMA","All","family","family"
"876",0.854395824656441,-0.0620449202360021,0.00724590545774495,0.026755604016163,0.0513265175605709,"LEMA","All","family","family"
"877",0.856253099534856,-0.126603551380492,-0.0256970438837633,0.0315767208995278,-0.00541045034274046,"LEMA","All","family","family"
"878",0.863143453019496,0.0377051852070422,-0.0204619223945335,-0.00288160472679487,0.000247330105573085,"LEMA","All","family","family"
"879",0.875745139240096,-0.0459315681353722,-0.0664105405805446,-0.115368096105827,-0.00322243119374401,"LEMA","All","family","family"
"880",0.843564280004551,0.255215162786003,-0.0238999878502311,-0.038997188941052,0.0871398008575572,"LEMA","All","family","family"
"881",0.864125550079415,-0.111321097099069,-0.0248356387759509,0.0169714944987918,0.00314683842916126,"LEMA","All","family","family"
"882",0.863604856752085,-0.264082181557295,-0.0778872029955653,-0.0222472781775138,0.0112297024360816,"LEMA","All","family","family"
"883",0.862411296520978,0.0933254387561513,-0.0373872989463032,-0.0639887486929234,0.0298323463853359,"LEMA","All","family","family"
"884",0.861264798470851,-0.193700586486849,-0.0531468267017497,-0.0188791281051199,0.0480430023021402,"LEMA","All","family","family"
"885",0.860696265090871,0.0680382474417094,-0.0504993773697987,-0.0717707444950376,0.0441854181267534,"LEMA","All","family","family"
"886",0.862371423920428,-0.0337062947207318,-0.0142184984430922,-0.0335239130374611,-0.0221274116916327,"LEMA","All","family","family"
"887",0.861269886444806,-0.0871386563751558,-0.0205543321235502,0.0317326091596968,-0.0181284410482687,"LEMA","All","family","family"
"888",0.853202409131369,0.0284967199003143,0.00842080116216337,-0.126793423690614,0.0626979077346253,"LEMA","All","family","family"
"889",0.865963697847696,-0.115129052941995,-0.0929819988353062,-0.0151438751014142,0.0286045440251767,"LEMA","All","family","family"
"890",0.859339534058681,-0.222797962229891,-0.0419784918892517,0.0126761007924641,-0.0134624142990478,"LEMA","All","family","family"
"891",0.859345250651042,-0.0326583362915409,0.00850032700117787,-0.0287734784922988,-0.0486979860912916,"LEMA","All","family","family"
"892",0.855159199953422,0.0403139536866408,0.0141236684863755,-0.0745381894204933,0.0599996719320519,"LEMA","All","family","family"
"893",0.864039928619127,-0.128223046673685,-0.0594076281022076,-0.0865423689677355,0.060689751547201,"LEMA","All","family","family"
"894",0.873153014706324,0.00306562443624236,-0.0437105019793371,-0.0591131282842286,-0.0834967895035577,"LEMA","All","family","family"
"895",0.866646497991592,-0.144450578135673,-0.0678990580295554,-0.13137933389453,0.0283378588250118,"LEMA","All","family","family"
"896",0.857335046390134,-0.019086085825664,-0.0207394816968728,0.0267147455705995,-0.06096332298948,"LEMA","All","family","family"
"897",0.857259258415401,-0.0818391884144122,-0.0783532576822976,-0.0417009985886742,0.0740818051291871,"LEMA","All","family","family"
"898",0.86383421855819,-0.015469903901752,-0.0247995898596962,-0.123626538519007,0.0452647804360912,"LEMA","All","family","family"
"899",0.85365589470241,0.0529485566423469,0.00167839845749618,0.0444390051128975,0.00088058455134352,"LEMA","All","family","family"
"900",0.858733655358594,-0.0656225366123754,-0.0560503519302397,-0.0723351597384535,0.061277960559644,"LEMA","All","family","family"
"901",0.862565429239102,-0.109700707512922,-0.0617929541836957,-0.0423501997210837,0.00270709293812533,"LEMA","All","family","family"
"902",0.860643325975184,0.00362922746382677,-0.0343297263968476,0.0114837405628934,-0.0271256104282512,"LEMA","All","family","family"
"903",0.854835887767313,0.0363489648897535,0.0232738627998041,0.0196947119004424,0.0386227529440859,"LEMA","All","family","family"
"904",0.855061990832809,0.124614938873997,0.0215683013859349,-0.0891577173842532,0.0115974056846541,"LEMA","All","family","family"
"905",0.867619162343595,-0.104023848882784,-0.0640493569770509,0.0369038469409213,-0.0244381217191777,"LEMA","All","family","family"
"906",0.865751644082206,-0.239024614196219,-0.0249210404611132,-0.000796776560182977,-0.0366702941085236,"LEMA","All","family","family"
"907",0.849401166001698,-0.138840720829208,0.0346629077762053,0.039503770817942,0.0755758587929952,"LEMA","All","family","family"
"908",0.861538417179988,-0.0942856094232885,-0.0241463352333277,0.0429774640684849,-0.0111358433514216,"LEMA","All","family","family"
"909",0.863827862197001,0.0879790222516461,-0.0416837047706557,-0.0511890338418756,0.0367258175174525,"LEMA","All","family","family"
"910",0.860539093247328,-0.171188042544527,-0.0265375379709542,-0.00680002806684769,-0.0126304863344762,"LEMA","All","family","family"
"911",0.862721504276379,0.0130326092385833,-0.00331203137770575,-0.123709843787047,0.026208039623052,"LEMA","All","family","family"
"912",0.861894027788952,0.0821267268226593,-0.0231107203091812,-0.0819013925257903,0.0538444122326979,"LEMA","All","family","family"
"913",0.85624952382908,0.178719685383374,-0.0435876555666337,-0.0807539410095073,0.0654338109061548,"LEMA","All","family","family"
"914",0.867301565921504,0.149661866072011,-0.0461049524775016,-0.0785610015992425,-0.00049644906984222,"LEMA","All","family","family"
"915",0.849331812136948,-0.11885167623334,0.0200328112580459,0.0309506883180783,0.052162155011886,"LEMA","All","family","family"
"916",0.878160519132974,-0.137023365567771,-0.0944028652980492,-0.0319942060221355,-0.102065463643363,"LEMA","All","family","family"
"917",0.865566078721381,0.0405498522326744,-0.0735063601138193,-0.0248106789735732,0.0879119975882021,"LEMA","All","family","family"
"918",0.860056858272303,-0.0402396879012759,-0.0503936201368193,-0.105887370285656,0.10082459318931,"LEMA","All","family","family"
"919",0.866526673315316,0.0263996289954178,-0.00922951682485784,-0.14852419920887,0.00110266615052283,"LEMA","All","family","family"
"920",0.869694517086735,-0.198517236147213,-0.0782298247310055,-0.0320309907231427,0.0669690712727045,"LEMA","All","family","family"
"921",0.874664927707085,0.047251615014904,-0.080558530890863,-0.0474074583723497,-0.0256352602475909,"LEMA","All","family","family"
"922",0.863491568158091,-0.0174003925952719,-0.0403001043096762,0.0835284484327061,-0.0444341173078553,"LEMA","All","family","family"
"923",0.860128218928871,-0.0804322130575136,-0.0295646180790016,-0.029052149950468,0.122625896583303,"LEMA","All","family","family"
"924",0.856726351136278,-0.0869996694598998,0.0129684293932093,0.0326842917159189,-0.0253606802255691,"LEMA","All","family","family"
"925",0.867287716868698,-0.157312613707854,-0.071486976502409,-0.0321524332546303,0.0702967021909942,"LEMA","All","family","family"
"926",0.873313154087784,-0.0842025309827125,-0.109308585128804,-0.113295867421208,0.000106095274738749,"LEMA","All","family","family"
"927",0.862555046756818,-0.192451870074439,-0.0396064565249886,-0.0350489590841239,0.0350602636606231,"LEMA","All","family","family"
"928",0.868854859117751,-0.095424515811929,-0.0459075029843217,-0.0316120351931531,-0.00901117966996454,"LEMA","All","family","family"
"929",0.860105862589082,0.0613666835649849,-0.00986199661608134,-0.105675268567254,0.0567195687699685,"LEMA","All","family","family"
"930",0.868664834973418,-0.116259703867324,-0.0713215636827204,0.00145332188807058,0.00608168551526993,"LEMA","All","family","family"
"931",0.865816509281044,-0.151884407530735,-0.0361597138108244,-0.058805161414756,0.0263100513759497,"LEMA","All","family","family"
"932",0.865617897198407,-0.027152586503563,-0.0577279484400609,-0.0336631463785,0.00994737549802605,"LEMA","All","family","family"
"933",0.855419787317934,-0.072761779189139,-0.0416873934578579,0.0144565982475075,0.0407700820550339,"LEMA","All","family","family"
"934",0.851394080287279,-0.141610863321781,0.0105022072749392,0.0784332479724539,-0.0103101104045079,"LEMA","All","family","family"
"935",0.856358867623365,-0.210643508621454,-0.0354237118641441,-0.0176680930493502,0.0503545338885718,"LEMA","All","family","family"
"936",0.858844190826587,-0.0386964433176256,-0.00617684389031703,0.0676089670975085,0.0278675085900635,"LEMA","All","family","family"
"937",0.866234105814939,0.103252618493425,-0.0903095057947559,-0.0680609728265653,0.0164593438485289,"LEMA","All","family","family"
"938",0.862116654156287,0.00306991579722693,-0.0312334427443771,-0.0880497207138113,0.0681325907055334,"LEMA","All","family","family"
"939",0.865754297332093,0.0853692499113838,-0.0272260165300738,-0.129609187537777,0.050287423304818,"LEMA","All","family","family"
"940",0.868012940416675,-0.233271445856647,-0.0448478671779285,-0.00764819697629752,0.00110414476104289,"LEMA","All","family","family"
"941",0.871712221827124,0.0595989967228485,-0.067427099288716,-0.091521299213695,-0.0119050309132487,"LEMA","All","family","family"
"942",0.867433889123433,0.0559765502648781,-0.00212238503925921,-0.0840401826776414,-0.02033449375983,"LEMA","All","family","family"
"943",0.863572889780122,-0.0125565764138768,-0.0733214891108159,-0.0222621049818729,0.0489788754696949,"LEMA","All","family","family"
"944",0.852706665296481,-0.17200538239999,-0.0488034052570759,-0.0659745472667327,0.117168298922621,"LEMA","All","family","family"
"945",0.858212978697492,0.029966889060179,-0.0407184475060803,-0.0846275593575989,0.0590395451895041,"LEMA","All","family","family"
"946",0.868116440817702,-0.14513648496433,-0.0482607370778981,-0.0181063831847706,-0.0387819218261109,"LEMA","All","family","family"
"947",0.866431943635274,-0.0916030421351325,-0.0605743863537567,-0.0651128555199257,0.0680986617779686,"LEMA","All","family","family"
"948",0.857333553267442,-0.0280806242234971,-0.0296949940204723,-0.0910354671458492,0.0633442794909507,"LEMA","All","family","family"
"949",0.858117799873359,-0.167858111880212,-0.00345842536895991,-0.0114983752147395,0.0211772832222242,"LEMA","All","family","family"
"950",0.860904181601765,-0.00122708730499366,-0.0441965796842678,-0.0265117440130973,0.0326864798704104,"LEMA","All","family","family"
"951",0.860572863699507,0.0330065187179336,-0.0485579712541963,-0.120723749773083,0.07198942632926,"LEMA","All","family","family"
"952",0.851433537052427,-0.0630338893840138,-0.0271953004732904,0.0259577337534213,0.0340358046283324,"LEMA","All","family","family"
"953",0.865849442223346,0.0800240570770949,-0.0323171050560636,-0.121044609502798,0.0221792855295457,"LEMA","All","family","family"
"954",0.852545009041983,-0.0352825774086717,-0.00496765017248113,-0.0367810228872538,0.0878306291127692,"LEMA","All","family","family"
"955",0.851818169880038,0.0595500211644402,-0.0158192891816711,-0.0301040216498607,0.0548998282639596,"LEMA","All","family","family"
"956",0.86524770544702,-0.162886085150861,-0.0482699937796419,0.0409060057659956,0.0141763464080445,"LEMA","All","family","family"
"957",0.867585688183767,0.0209610458270497,-0.0292046284078835,-0.143425587479661,0.015462866387295,"LEMA","All","family","family"
"958",0.864237074689938,-0.1288605937549,-0.0468031937156698,0.0304195712272782,0.00111576779853876,"LEMA","All","family","family"
"959",0.856636221658392,-0.0781373613181744,-0.040948126499108,-0.0166665031419208,0.0420866433582181,"LEMA","All","family","family"
"960",0.850662975706985,-0.0562969687154371,-0.0282793407168366,0.123598304842167,0.0118249761688206,"LEMA","All","family","family"
"961",0.849125787926122,-0.0395250427558987,0.0133938805925102,0.0348028849222676,0.044640373875309,"LEMA","All","family","family"
"962",0.857055967693514,-0.129273057829294,-0.0389542670403213,-0.029628358212507,0.0593592398933145,"LEMA","All","family","family"
"963",0.854898039694282,-0.0162173408370624,0.0240933632600773,0.0444504258701317,-0.0104944110442807,"LEMA","All","family","family"
"964",0.860154636918491,-0.207890987650274,-0.0444688840756648,0.0904881814797691,0.0110037632900098,"LEMA","All","family","family"
"965",0.874268470334272,-0.134187975999772,-0.111097704620523,-0.0556004250219003,0.0175418931593806,"LEMA","All","family","family"
"966",0.865994170777662,-0.134220102996322,-0.0359334296327821,-0.110709752787523,0.0344562919895423,"LEMA","All","family","family"
"967",0.863119287137362,0.0289576091722703,-0.0787798319256521,-0.115777517930707,0.0391779651271732,"LEMA","All","family","family"
"968",0.853637149712196,-0.021205183184291,-0.00396073844807843,-0.0848723768617055,-0.0119048437593016,"LEMA","All","family","family"
"969",0.85881034471659,-0.0383740692178672,-0.00558602218471194,-0.0244796387598103,0.00802366881928859,"LEMA","All","family","family"
"970",0.852840076745218,-0.187040682532609,0.0247863862393969,-0.0196512079041569,0.0988556963889696,"LEMA","All","family","family"
"971",0.849881665324266,-0.130013549393261,0.0339082821362233,0.0351624699096634,0.0717737827661957,"LEMA","All","family","family"
"972",0.86170771563072,-0.015210880187754,-0.064966825528729,0.0198490782174974,-0.00440203498035543,"LEMA","All","family","family"
"973",0.878065798512734,-0.11339741811192,-0.107744194491296,-0.179421716399067,0.0806467609182126,"LEMA","All","family","family"
"974",0.859872673286765,0.0512204720878005,-0.0229797868046953,0.0534158256641641,0.0423794239074287,"LEMA","All","family","family"
"975",0.855671217825326,-0.0551060150917653,-0.0593641969310209,-0.0186639666728818,0.0752331518602161,"LEMA","All","family","family"
"976",0.854979767743524,-0.0274914200829718,-0.00642652201169369,-0.0464579999322955,0.0566382575235792,"LEMA","All","family","family"
"977",0.857217650612234,-0.0618221312404238,-0.0337187831535651,-0.0106830353560304,0.0618279596459749,"LEMA","All","family","family"
"978",0.859089701257209,-0.0810160168393717,-0.0369312648835466,-0.0767218622027017,0.0438980650937201,"LEMA","All","family","family"
"979",0.839474680364086,-0.0326729027827422,0.095135517529781,0.0573738083471222,0.0478001637850973,"LEMA","All","family","family"
"980",0.847063828422911,-0.0235236478101606,-0.0109769863034012,0.0274594713402574,0.0676262049123426,"LEMA","All","family","family"
"981",0.850116591854494,0.00615231531175064,0.000110935635869058,3.33096807986037e-05,0.0537636388191911,"LEMA","All","family","family"
"982",0.878745216575422,-0.0598969426324586,-0.117775513685775,-0.0230030259415702,-0.0545546163802885,"LEMA","All","family","family"
"983",0.869224570669498,-0.130016791279311,-0.0122383886498462,-0.124989384491351,0.0341045767271307,"LEMA","All","family","family"
"984",0.856375136983954,-0.0263151333693008,-0.0187887206947102,0.0229059845639202,0.000248132490573726,"LEMA","All","family","family"
"985",0.847713478192207,-0.133377150145343,-0.00610707726911064,-0.00731401060042698,0.0666835657752718,"LEMA","All","family","family"
"986",0.849514406669372,0.0565491032881178,0.016467003148751,-0.0467769618789722,0.100836102894628,"LEMA","All","family","family"
"987",0.865035016407089,-0.124523251414088,-0.0439414899068364,-0.010772361627083,0.0220715885348766,"LEMA","All","family","family"
"988",0.872793916366601,0.102440228103674,-0.058696108390677,-0.0577218772080682,-0.0484816271078382,"LEMA","All","family","family"
"989",0.865027212521567,-0.162522748793788,-0.0504262345399947,0.0198292179406151,0.0221986905741754,"LEMA","All","family","family"
"990",0.871568794052518,-0.0684881125070885,-0.109812937594582,-0.119761960587389,0.0499185799189918,"LEMA","All","family","family"
"991",0.862795757126281,-0.0714235046919064,-0.00173349831578617,0.0212440083877189,-0.00944186416293148,"LEMA","All","family","family"
"992",0.858280655814213,0.0739592137627219,-0.0015821114115937,-0.0595873864441256,0.0395204421245206,"LEMA","All","family","family"
"993",0.865564920330326,-0.00929935369786794,-0.0637374907883644,-0.0866839319350954,-0.00432433623488825,"LEMA","All","family","family"
"994",0.854013958803642,-0.130905686035355,-0.0087486245140953,-0.0233167275927986,0.0360301341249564,"LEMA","All","family","family"
"995",0.858320508469655,0.0698300889032113,-0.0315702774945995,-0.00774159681446943,-0.000563231643411349,"LEMA","All","family","family"
"996",0.863755000197975,0.0766493304295219,-0.0195546744181991,-0.14720339502501,0.0472157045446881,"LEMA","All","family","family"
"997",0.856087631550208,-0.058456378317119,-0.0373857182798037,-0.0177463292093169,-0.0318162756612537,"LEMA","All","family","family"
"998",0.859286098649645,-0.0338880570464978,-0.0383958057120443,-0.000578175560594084,0.00941315622472693,"LEMA","All","family","family"
"999",0.85885767808573,0.0713214658820764,-0.0190774659094779,-0.0635711630715271,-0.00824454199282442,"LEMA","All","family","family"
"1000",0.849597272287827,0.0488013731395105,-0.0117444353420448,-0.0602685116818144,0.0783919977186005,"LEMA","All","family","family"
"1001",0.870654249803788,-0.0898943347162322,-0.100009853359148,-0.0690901924340814,0.0234744156122885,"LEMA","All","family","family"
"1002",0.867069023101995,-0.0824107472454031,-0.0264636543550488,-0.0487844352742483,-0.0662329513646787,"LEMA","All","family","family"
"1003",0.869266671775215,-0.0481883362411207,-0.038586530081368,-0.0831097105207776,0.0232372760409332,"LEMA","All","family","family"
"1004",0.861190528958534,-0.00481757912707781,-0.0138838013387197,-0.0458341234651381,0.0385721915060046,"LEMA","All","family","family"
"1005",0.859125380178568,-0.0213378807325512,-0.0235506304948891,-0.0298743915746145,0.0420003702612306,"LEMA","All","family","family"
"1006",0.865823063822789,-0.0677583220191043,-0.0512488440299412,-0.0369252277459591,0.00418162514469814,"LEMA","All","family","family"
"1007",0.865026446009148,0.0270813197760602,-0.0723119363542631,-0.0316342123329467,0.0619423359424335,"LEMA","All","family","family"
"1008",0.864360592424449,0.0496249714257564,-0.0686059578276832,-0.114586592978958,0.0425998404552386,"LEMA","All","family","family"
"1009",0.855295408345826,-0.0491754810388266,-0.0282685558638229,0.0684289063625232,-0.00127264623724135,"LEMA","All","family","family"
"1010",0.851435832818188,-0.0351445307934642,-0.0153316110535542,0.0383840631407554,0.00266920230756942,"LEMA","All","family","family"
"1011",0.855867082428973,-0.129929754607338,-0.0659569271188042,0.0176894399267334,0.0753945476301657,"LEMA","All","family","family"
"1012",0.856783930288805,0.0230064428657464,-0.0362915041659461,-0.09153890715532,0.0420993941832151,"LEMA","All","family","family"
"1013",0.857835111693376,-0.222518015284527,-0.027158332917364,-0.0242609175758055,0.041218839390492,"LEMA","All","family","family"
"1014",0.868727703859386,-0.157645967165532,-0.0575936718811337,-0.0288128454800756,0.0251568910448654,"LEMA","All","family","family"
"1015",0.855624556852098,0.0762055542218427,0.000113624760300857,-0.0223733751599117,0.0327405227039025,"LEMA","All","family","family"
"1016",0.861595005678372,-0.0364430981053159,-0.046588577282994,-0.0541845574227997,0.0019688634577723,"LEMA","All","family","family"
"1017",0.848741643389689,-0.0646303897292552,-0.0327935189318345,0.0754061968722315,0.0336110375906921,"LEMA","All","family","family"
"1018",0.850428722852907,0.0489864544800576,-0.00793052034924102,-0.0332727431001122,0.026260040083982,"LEMA","All","family","family"
"1019",0.864638967790171,0.0962880846069201,-0.0482631615072069,-0.0570917581384424,0.0139382932691427,"LEMA","All","family","family"
"1020",0.865219528617078,-0.1574685618552,-0.0309579179971572,-0.058330963735938,-0.00937660882611371,"LEMA","All","family","family"
"1021",0.865618232553263,-0.0522473612534793,-0.0792693829649215,-0.0171278279874903,0.0499046924200989,"LEMA","All","family","family"
"1022",0.856398305157484,0.0945899080210735,0.00749758922389798,0.00891429580937589,0.0304803316094017,"LEMA","All","family","family"
"1023",0.865247998264047,-0.105406978338355,-0.0299030871650906,-0.0881557577875733,0.0524775757065801,"LEMA","All","family","family"
"1024",0.875030710660796,-0.0426537066762325,-0.0647086778873871,-0.0791936104904554,0.0233820383961934,"LEMA","All","family","family"
"1025",0.857882099528164,0.056687737197364,0.00883538808116557,-0.0636387433678346,0.0585247269510248,"LEMA","All","family","family"
"1026",0.868429027974968,0.00278488798026499,-0.0431170846574016,-0.0346474257626255,0.0414693075273761,"LEMA","All","family","family"
"1027",0.845417467961291,-0.0954612382469555,-0.00355592142746275,-0.0274496267892293,0.0532095933013292,"LEMA","All","family","family"
"1028",0.86966339739327,0.0652057347703718,-0.073038066893479,-0.050873977241138,-0.00303180498393478,"LEMA","All","family","family"
"1029",0.863627008387776,-0.106099266563544,-0.0210716074740964,-0.138824994037485,0.0691408140278591,"LEMA","All","family","family"
"1030",0.862335849987394,0.108958820434238,-0.0966450845981184,-0.0527218023595476,0.0580199012901727,"LEMA","All","family","family"
"1031",0.861265049938346,0.0506111010645534,-0.028454158278026,-0.067498700839136,0.00620442612467868,"LEMA","All","family","family"
"1032",0.86886734431159,-0.0907125992466961,-0.0501298633228278,-0.0329129058849599,0.0163765189982854,"LEMA","All","family","family"
"1033",0.866111629420041,0.00158562186376798,-0.0712037692763944,-0.0442680036915583,0.00966237274662063,"LEMA","All","family","family"
"1034",0.859412990404671,-0.172067429913634,-0.0578708565905364,-0.0317207149652095,0.0809487675233993,"LEMA","All","family","family"
"1035",0.861147680412417,-0.108496832507016,-0.0189188259347586,-0.109027589966381,0.00407480422670083,"LEMA","All","family","family"
"1036",0.860890920058451,0.0565602505649296,-0.0212343740127353,-0.13085712984035,0.0283776339997904,"LEMA","All","family","family"
"1037",0.87570975344861,-0.0593889484141968,-0.0523769950205814,-0.116619646180599,-0.00948300796700978,"LEMA","All","family","family"
"1038",0.860557772033489,-0.0291808314743887,-0.00119130050205485,-0.0424766536740169,0.00680041817307288,"LEMA","All","family","family"
"1039",0.862047277841956,-0.0143823940778818,-0.0246472615257318,-0.041101627477957,0.0958919991362991,"LEMA","All","family","family"
"1040",0.867777991885878,0.0991036168214283,-0.0663500361952424,-0.106381061701884,0.0200848818442508,"LEMA","All","family","family"
"1041",0.871272318992867,-0.0295903872115636,-0.0489365199801638,-0.0533605992407586,-0.0701708069023456,"LEMA","All","family","family"
"1042",0.874070077890113,-0.069374282043111,-0.101152643451406,0.00688247730511506,-0.0445212677740755,"LEMA","All","family","family"
"1043",0.862561492769433,0.0294439571847702,-0.02046963784212,-0.0421418241764527,0.0434004469352776,"LEMA","All","family","family"
"1044",0.853539078527807,0.0200603399567392,-0.00224271916893171,0.028515464049459,0.00672622173735892,"LEMA","All","family","family"
"1045",0.872951058770428,-0.115915775480247,-0.0755761353962936,-0.0589421930854614,0.0114964185068291,"LEMA","All","family","family"
"1046",0.85069915147258,-0.0706811864953201,-0.00974636135277851,0.0928417508921542,0.0279650901077129,"LEMA","All","family","family"
"1047",0.848932336310853,-0.0528805894301879,-0.0017834766045004,0.00112636715643396,0.055191436275717,"LEMA","All","family","family"
"1048",0.864701841976319,-0.199646392512288,-0.0559758209380244,-0.0404933454478535,-0.0371628756428539,"LEMA","All","family","family"
"1049",0.851949101507896,-0.131734161406385,-0.03407341454039,0.0145261570833599,0.0224401522084369,"LEMA","All","family","family"
"1050",0.866736931870691,-0.00354086005443188,-0.0650108277333636,-0.076092789362641,0.0156636769232133,"LEMA","All","family","family"
"1051",0.8618263563017,0.0300931765175991,-0.0374388356410991,-0.081254878567683,0.0330634658618098,"LEMA","All","family","family"
"1052",0.864418719831097,-0.0917514353296144,-0.0267195160958572,-0.0360163217774096,-0.00820763382807273,"LEMA","All","family","family"
"1053",0.861664117602479,-0.0489988626153868,-0.0504793669255408,0.0552394424361783,0.0151748630661575,"LEMA","All","family","family"
"1054",0.878044272932914,0.0835478656782196,-0.0992587029324153,-0.0604339359858899,-0.0383698399799078,"LEMA","All","family","family"
"1055",0.855059475797371,0.100288347707029,-0.00418939434621945,-0.0600431208044337,-0.00888123885471001,"LEMA","All","family","family"
"1056",0.8536864509999,0.076546097893285,-0.0493320467775765,-0.0133253875641129,0.0449361148903419,"LEMA","All","family","family"
"1057",0.85928437028315,0.136558986804499,-0.0421540865095231,-0.0687466488657272,0.00243875949459339,"LEMA","All","family","family"
"1058",0.859602104211979,0.0031439025887805,-0.0563495939047218,-0.107720610058133,0.0206385101400043,"LEMA","All","family","family"
"1059",0.859439119719955,-0.0339387740587574,-0.0165949328487374,-0.0441563049923076,0.0493187142746687,"LEMA","All","family","family"
"1060",0.861499991723537,-0.0544394826047875,-0.0244418212781228,-0.0161789890389336,0.0034276327719332,"LEMA","All","family","family"
"1061",0.871993981472637,-0.0486621183480161,-0.0618621024432432,-0.128659623119046,0.0551452840259928,"LEMA","All","family","family"
"1062",0.86016721484869,0.0286223363580704,-0.0291255658540284,-0.0633060592858539,0.0713315439949129,"LEMA","All","family","family"
"1063",0.863187745602337,-0.0251709551869946,0.00325854433241779,-0.102064026447928,-0.0318849267743727,"LEMA","All","family","family"
"1064",0.856749394956522,0.0524600281676189,-0.00575285128071612,-0.049127980527308,0.00483940966848623,"LEMA","All","family","family"
"1065",0.845938347936836,0.076020336033872,-0.00892455554685456,-0.0333881021857867,0.079918176090715,"LEMA","All","family","family"
"1066",0.855213030833466,-0.00466351019561551,0.0239293286443549,0.00959493501836126,-0.00988512564728829,"LEMA","All","family","family"
"1067",0.861215136653359,-0.0844125872540479,-0.05498299021273,0.0357754786571976,-0.023585054800144,"LEMA","All","family","family"
"1068",0.856800586084005,-0.00286250797080123,-0.02237978965596,-0.0330439064430386,0.0173747808712036,"LEMA","All","family","family"
"1069",0.876215464940559,-0.118251333601767,-0.092854067053408,-0.0748158609999979,0.00293297024347953,"LEMA","All","family","family"
"1070",0.847291118223481,-0.17901608241818,0.0210954278142281,-0.0362118609300573,0.0401731840975913,"LEMA","All","family","family"
"1071",0.87190361707243,0.0364973789853893,-0.0372092321571112,-0.0768544045655388,-0.062750161929329,"LEMA","All","family","family"
"1072",0.85287121173844,-0.129622440263591,-0.0610950969428093,-0.00628449381996811,0.154950149339797,"LEMA","All","family","family"
"1073",0.87995454103429,-0.0415632223140376,-0.119243335764608,-0.159920333629812,0.0941523973207314,"LEMA","All","family","family"
"1074",0.857508019898622,-0.114225958733365,-0.0468024913826059,-0.111456815561804,-0.00234091617134,"LEMA","All","family","family"
"1075",0.867405064080016,-0.102037659834929,-0.103404119186935,0.063152270800743,0.0682338635248328,"LEMA","All","family","family"
"1076",0.866481146428004,-0.0904870789689708,-0.0271530825084761,-0.0587878515699846,0.0138078451956426,"LEMA","All","family","family"
"1077",0.874150266307967,0.014677155936587,-0.0878412391184054,0.0399308977443611,-0.0450194154733019,"LEMA","All","family","family"
"1078",0.858925966959863,0.00285616194545857,-0.0256126377181357,-0.0585931330892933,0.0186601003075779,"LEMA","All","family","family"
"1079",0.857784683642109,-0.0911448884869901,-0.0314554244093829,0.0146261628645981,0.0637098500777841,"LEMA","All","family","family"
"1080",0.849802990155597,0.0395799103433256,-0.0222543092624934,0.0263165425008293,0.0375952033492739,"LEMA","All","family","family"
"1081",0.863276430903287,-0.0900953300874043,-0.0375580999562614,-0.0741994651012772,-0.00889024537606342,"LEMA","All","family","family"
"1082",0.846922499989032,-0.0685472341489849,0.0380889657637873,-0.00289425569401353,0.0397580282322285,"LEMA","All","family","family"
"1083",0.858234433276041,-0.0533921395496701,-0.0501822672383668,-0.0725645569972919,0.0261550199916165,"LEMA","All","family","family"
"1084",0.874624483141315,-0.0482877469462032,-0.022573781977322,-0.195112408955097,0.0498937750205504,"LEMA","All","family","family"
"1085",0.858699066789191,-0.137146028405075,-0.0460240538999866,-0.00603802223391813,0.0996298710550609,"LEMA","All","family","family"
"1086",0.871244135856363,-0.00625241152757794,-0.0861288250727609,-0.164431246462877,0.0536727222474897,"LEMA","All","family","family"
"1087",0.85420402769513,-0.0490580084008331,-0.0199461145033348,0.0126519181901314,0.0536323365923546,"LEMA","All","family","family"
"1088",0.859181868650695,0.125864449402675,-0.0016852095954355,-0.0129981357819703,0.0180466016155497,"LEMA","All","family","family"
"1089",0.867633875611385,-0.0841536026484353,-0.0464321319076757,-0.0907382122916149,-0.0208877563160925,"LEMA","All","family","family"
"1090",0.862271547154138,0.112966563935275,-0.039249417020838,-0.017732638239722,0.000218086191884022,"LEMA","All","family","family"
"1091",0.865164283116906,-0.219921490174848,-0.0651144041103425,-0.0171151367944841,0.07543798930124,"LEMA","All","family","family"
"1092",0.86072929927382,-0.228736858994553,-0.0497574100625419,-0.0279244591031516,0.0711873515088718,"LEMA","All","family","family"
"1093",0.865359938855931,0.0663371006893301,-0.0278564916609622,-0.070347067257191,0.0219199887314469,"LEMA","All","family","family"
"1094",0.873736227456646,-0.0157896581186421,-0.0824070015924655,-0.0962724350074419,0.0299740537721266,"LEMA","All","family","family"
"1095",0.856134630463096,-0.156918224761124,0.0179645224775038,-0.0359191112313482,0.0261537914663568,"LEMA","All","family","family"
"1096",0.867874208351146,0.170817782378254,-0.026458354944664,-0.0977321973015607,0.0433537690845388,"LEMA","All","family","family"
"1097",0.858478394027975,0.00442667672769659,-0.0221335019160085,-0.0651917059487779,0.0711347792682482,"LEMA","All","family","family"
"1098",0.853991761832071,-0.0114416046710514,0.00763891113434689,0.0762759977181122,0.00893621953914643,"LEMA","All","family","family"
"1099",0.846395787306828,-0.000714154141370438,0.0422406954801191,-0.0302819056868959,0.0830778385031001,"LEMA","All","family","family"
"1100",0.872108213432635,-0.119278446198467,-0.0875685093678678,-0.114252217586667,0.00971824157086999,"LEMA","All","family","family"
"1101",0.865131873106431,-0.080352088888223,-0.050991634144541,-0.112196591101766,0.0475349583078798,"LEMA","All","family","family"
"1102",0.862977269278327,0.110433426657941,-0.0250890932857624,-0.0333970986368685,0.0354263978456406,"LEMA","All","family","family"
"1103",0.847463989888694,-0.0592714470684441,0.0457015449128113,-0.0315846334561024,0.104226051212103,"LEMA","All","family","family"
"1104",0.865894637665628,-0.068414217303995,-0.00876026989591505,-0.00405553865899372,0.0329924463072389,"LEMA","All","family","family"
"1105",0.865056376238368,0.0246962150572672,-0.0410032650999426,-0.0614521717760704,-0.00672664564145434,"LEMA","All","family","family"
"1106",0.872370265361494,-0.218785898045247,-0.0771634458581372,-0.0463658264720195,-0.0270721687389079,"LEMA","All","family","family"
"1107",0.858446742655848,-0.159739094825783,-0.0416851082806902,0.079376489794404,0.0501090277768128,"LEMA","All","family","family"
"1108",0.865395308943003,-0.0467358283851766,-0.0264228789083236,-0.0584259689101612,0.042386269125129,"LEMA","All","family","family"
"1109",0.856757101528414,-0.17136485367994,0.0143323798501598,-0.0687961094699643,0.0716551447477321,"LEMA","All","family","family"
"1110",0.87788509901674,0.0351113670456167,-0.0859508277469792,-0.101382134493029,-0.00307160154024837,"LEMA","All","family","family"
"1111",0.848086387538087,-0.0637944639514506,0.0336249196507157,0.0825004994634454,-0.00328194918702936,"LEMA","All","family","family"
"1112",0.867115832910433,0.054935237420414,-0.0370232714836405,-0.0326565442477593,0.0451272091775588,"LEMA","All","family","family"
"1113",0.860747726816198,-0.0752966547931185,-0.033845766915703,-0.0761740991348413,0.0659817428826187,"LEMA","All","family","family"
"1114",0.855362509826649,-0.0948977904271164,-0.00754846774720086,-0.0228634732522345,0.0331433930445263,"LEMA","All","family","family"
"1115",0.86277138279208,-0.10802244584086,-0.0350134139778381,-0.0787939973268551,0.0126347097451779,"LEMA","All","family","family"
"1116",0.848495795848428,-0.0128595880860947,0.0478298747974002,0.00753840478256336,-0.00603548960877204,"LEMA","All","family","family"
"1117",0.858181971533513,-0.151836592214473,-0.04660749214333,-0.0161026920348859,0.045794426630681,"LEMA","All","family","family"
"1118",0.873026456749182,-0.0618505910659587,-0.0862221038007469,-0.0717657066111419,-0.021353178194189,"LEMA","All","family","family"
"1119",0.867872169800179,-0.00468467946739137,-0.00269869450939497,-0.0161188344135961,0.0447285039865546,"LEMA","All","family","family"
"1120",0.856567746919496,-0.0773523695149361,-0.0212679468208645,0.0272009311641492,0.0135838490775254,"LEMA","All","family","family"
"1121",0.861660056039375,-0.084832691196235,-0.0161162975421879,-0.00521832400104309,0.0293955475168809,"LEMA","All","family","family"
"1122",0.860008892706144,0.0589476964136921,-0.0274540860258738,-0.0386454245799518,-0.00519128935103972,"LEMA","All","family","family"
"1123",0.854248900246084,0.0286540959374195,0.0370455044340832,-0.0453658027034733,0.0374402420091219,"LEMA","All","family","family"
"1124",0.870247982509904,-0.157312809162288,-0.0482788605064095,-0.146520397830688,-0.00911828183648138,"LEMA","All","family","family"
"1125",0.855057585341007,-0.0129048573785018,-0.0219962256448946,0.00272629991309769,0.0570130159730575,"LEMA","All","family","family"
"1126",0.848879469303521,-0.202514399750195,0.0248175186788209,0.0424505333667203,0.0381146208440505,"LEMA","All","family","family"
"1127",0.856361838659889,-0.0395422276188936,-0.0249425586818915,-0.0745126460598625,0.0545209790569516,"LEMA","All","family","family"
"1128",0.846261342682926,-0.0943157080911834,0.00414476310392109,0.030372253927015,0.0414425102726592,"LEMA","All","family","family"
"1129",0.848986809572945,-0.0945382831232113,-0.00147519939337981,-0.0985654468421155,-0.0186148687571554,"LEMA","All","family","family"
"1130",0.86732152366053,-0.0688385862827238,-0.0291050318773878,-0.0567819873661613,0.000643541424722263,"LEMA","All","family","family"
"1131",0.861645935164181,0.0396712377855237,0.0259978848720754,0.0387311751507737,0.0418126977836332,"LEMA","All","family","family"
"1132",0.872778742916999,-0.197466772794872,-0.0833486641637435,-0.0690914996609734,0.049083558848209,"LEMA","All","family","family"
"1133",0.860407233420431,-0.197270654407475,-0.0504759549157822,-0.0523098113333235,0.0804509798901091,"LEMA","All","family","family"
"1134",0.882223346112526,-0.17898139627795,-0.113604651951508,-0.147530585786738,0.030049272967885,"LEMA","All","family","family"
"1135",0.875108035723195,-0.0917788932868893,-0.0574078375625307,-0.0263792283030477,0.0251811730292495,"LEMA","All","family","family"
"1136",0.861096675035953,0.148241685843408,-0.0233312871526753,-0.0964883728921086,-0.0259514572039375,"LEMA","All","family","family"
"1137",0.883887751889758,-0.0727204626285405,-0.132562327067451,-0.0763887459416389,-0.000787574894834298,"LEMA","All","family","family"
"1138",0.875166213259723,-0.250410481316901,-0.0570269720817069,-0.0945696788979538,-0.0515457500206479,"LEMA","All","family","family"
"1139",0.84949257278935,-0.153297647750664,-0.00705108153930722,-0.0271374202954048,0.0502191495579862,"LEMA","All","family","family"
"1140",0.863340094841208,-0.152625938617079,-0.0326710107506286,0.0425068421371038,0.0357821963051263,"LEMA","All","family","family"
"1141",0.861460483659469,-0.104549951974576,-0.0615892871730448,-0.00298668139508223,0.0702797864593885,"LEMA","All","family","family"
"1142",0.868998625877534,-0.0298206847419622,-0.0363239206620948,-0.033538843873979,-0.0226829346810304,"LEMA","All","family","family"
"1143",0.860535045596978,-0.170215574783026,0.0121119656770634,0.0179765867237224,0.0724267859419524,"LEMA","All","family","family"
"1144",0.867980335103308,0.185283275388025,-0.0600344256481846,-0.103970452422491,-0.00965712256635341,"LEMA","All","family","family"
"1145",0.86459771320752,-0.0478076630169926,-0.0493933804829608,-0.0773322874099513,0.0335774374165428,"LEMA","All","family","family"
"1146",0.850459340816299,-0.115483952076897,-0.0126036316019312,0.0258904478842227,0.0440316979014962,"LEMA","All","family","family"
"1147",0.874657900802938,-0.179379315929872,-0.116453333609826,-0.065724542804795,0.0567493481062001,"LEMA","All","family","family"
"1148",0.87597011882764,-0.00992974740354535,-0.0614045233314237,0.0885608650810362,-0.0323063002889255,"LEMA","All","family","family"
"1149",0.867860732693628,-0.0657565015394223,-0.020460065233461,-0.0299618414607909,-0.0216118928152545,"LEMA","All","family","family"
"1150",0.846081279507697,0.0499579574282094,0.019786057498979,0.0202376928398236,-0.00293303158728169,"LEMA","All","family","family"
"1151",0.852986170202628,-0.0380425747788724,0.0376897658008062,0.0485620853457839,0.0118198163033016,"LEMA","All","family","family"
"1152",0.870597611615618,-0.209348770007749,-0.0294166561688614,-0.0360952803531362,0.00475432144553753,"LEMA","All","family","family"
"1153",0.864482920146645,0.0765625366503715,-0.0295237328550874,-0.12677901540167,0.0214035400170548,"LEMA","All","family","family"
"1154",0.861671694391565,-0.00545507008333845,-0.0299570345679998,-0.0558278268267905,0.0396068271603241,"LEMA","All","family","family"
"1155",0.871872460445602,0.0343143685021146,-0.0895753587171954,-0.039484093145483,-0.00677022769253798,"LEMA","All","family","family"
"1156",0.855831141675882,-0.242288472135435,0.0178067161496001,0.00741611645398226,0.0174222840682787,"LEMA","All","family","family"
"1157",0.875296983714286,-0.095182749547022,-0.0748700707109723,-0.109843176191318,0.0192808291169527,"LEMA","All","family","family"
"1158",0.8668874648151,0.0537503370220722,-0.0372551244530548,-0.12502914668431,0.0484423717942707,"LEMA","All","family","family"
"1159",0.87245550136741,-0.103953556349637,-0.0711864334127643,-0.0584196445575553,0.00916770609373279,"LEMA","All","family","family"
"1160",0.875545089447189,-0.0267556067036173,-0.0923372583460654,-0.169330663146796,0.0383694738404399,"LEMA","All","family","family"
"1161",0.875670141746768,0.00232950722395286,-0.112916443461349,-0.124341217543601,-0.0132644615399835,"LEMA","All","family","family"
"1162",0.867188391131919,0.0221093789723206,-0.0401890980588215,-0.0971163698765776,-0.0456977036343135,"LEMA","All","family","family"
"1163",0.866127498690328,-0.0418264925952834,-0.0562597161558337,-0.0699949734462218,0.0189866503314338,"LEMA","All","family","family"
"1164",0.865923711548813,-0.190537437028066,-0.0655904385761831,-0.0828331620764581,-0.0140393982117958,"LEMA","All","family","family"
"1165",0.877912791275068,0.00383979977132465,-0.0861127211854706,-0.169923945930311,0.0069394195332637,"LEMA","All","family","family"
"1166",0.862981742455152,-0.0180461228902186,-0.0241930903646463,-0.152860834956004,0.0544825467076658,"LEMA","All","family","family"
"1167",0.86574313949835,-0.0432799653008693,-0.0245132040082102,-0.0624234996151426,0.0170795149121926,"LEMA","All","family","family"
"1168",0.851412158401359,-0.0567613654792988,-0.0162200714297681,0.0699209816915174,0.0773879154354928,"LEMA","All","family","family"
"1169",0.877413538433215,-0.000783823939150219,-0.0695282291116527,-0.104040116824579,-0.0472476761876632,"LEMA","All","family","family"
"1170",0.874406794795683,-0.0536238266629426,-0.0546942661271208,-0.0854835246117803,-0.045685742855706,"LEMA","All","family","family"
"1171",0.872951878465457,-0.0706825027239734,-0.0746071474268327,-0.0969460958288575,0.022791732078841,"LEMA","All","family","family"
"1172",0.875863404510273,0.0396859393501163,-0.0715922563047947,-0.0634440856949704,-0.0406526015823344,"LEMA","All","family","family"
"1173",0.851487714833167,0.0341819933230865,0.0243329296448154,0.00521003774937403,0.0525918119613992,"LEMA","All","family","family"
"1174",0.861008983509629,0.0156649228111678,-0.040438972377007,-0.0977166409625414,0.0361448079000885,"LEMA","All","family","family"
"1175",0.859480275795698,-0.186316679661289,-0.0253378765747536,-0.0282115674992076,0.120910630131189,"LEMA","All","family","family"
"1176",0.859980603882051,0.0742490439854486,-0.0266115848633586,-0.106582299665284,0.0971321815834774,"LEMA","All","family","family"
"1177",0.860665939828619,0.0408401939957481,-0.0501138629612389,-0.0373539436026974,-0.0010633408406614,"LEMA","All","family","family"
"1178",0.858134270303339,-0.00765695388681575,-0.052573691777838,-0.0315687246034289,0.00963857857747677,"LEMA","All","family","family"
"1179",0.855646315076,0.0203227391247771,-0.0224903510298342,0.0120984209571619,-0.011395784268213,"LEMA","All","family","family"
"1180",0.867172410283145,0.0653990595483753,-0.0232569613178311,-0.122192299134168,0.0217006220289699,"LEMA","All","family","family"
"1181",0.87544626730598,-0.0662332995214384,-0.0777817644521926,-0.044519753799589,0.0234998432339266,"LEMA","All","family","family"
"1182",0.8593248788602,-0.0728212346264304,-0.0167997445023653,-0.0315737733815448,0.042554526218242,"LEMA","All","family","family"
"1183",0.868783530025579,0.058370065008484,-0.0276503377648853,-0.110223905672693,-0.0280077356531772,"LEMA","All","family","family"
"1184",0.876730702909616,-0.184453347841447,-0.0825531969187854,-0.0333058718815102,-0.0123240291735026,"LEMA","All","family","family"
"1185",0.876841905394441,-0.02368928263369,-0.0799611838766243,-0.109771173640358,-0.00700075120093317,"LEMA","All","family","family"
"1186",0.863450919310775,-0.125589002750556,-0.0613138518819178,-0.0791711410212239,0.0260692625985512,"LEMA","All","family","family"
"1187",0.861537697027626,-0.0971066922301252,-0.052069268209014,-0.0940790693492952,0.0228650515608782,"LEMA","All","family","family"
"1188",0.872223872694452,-0.0848422871290458,-0.0257299372857897,-0.122667665996242,-0.0200883756463645,"LEMA","All","family","family"
"1189",0.865230147717299,0.0393285515578736,-0.0317498447636514,-0.109922046131534,-0.00719397686692068,"LEMA","All","family","family"
"1190",0.857282424698148,-0.0592431708210007,-0.0397505425998103,-0.0262719300185723,0.100873312166066,"LEMA","All","family","family"
"1191",0.862670320522782,-0.111150573742032,-0.0304161075088031,-0.0332005781235768,-0.00483541730744624,"LEMA","All","family","family"
"1192",0.856993242198028,-0.00932267546235088,0.0137635365008939,-0.0420707585809917,0.0977553028643286,"LEMA","All","family","family"
"1193",0.871357418863213,-0.0430506278226706,-0.0520305351280633,-0.0199517286165688,-0.0122970083552667,"LEMA","All","family","family"
"1194",0.855424277077646,-0.116790327189903,0.0102026246792757,-0.00029310532789251,-0.00516101597445484,"LEMA","All","family","family"
"1195",0.868864959687428,-0.126233399655151,-0.111918976330209,-0.106311273426884,0.103117606417388,"LEMA","All","family","family"
"1196",0.852392903671277,-0.111656295254339,0.00282716395203164,-0.0136993732792312,0.0686055619003604,"LEMA","All","family","family"
"1197",0.852536626886356,-0.00726689708326966,-0.00069845919496081,0.0422977126731102,-0.031840099191283,"LEMA","All","family","family"
"1198",0.861010880691924,-0.0855836058507841,-0.0140782852826933,-0.191584032977379,0.0824426055267912,"LEMA","All","family","family"
"1199",0.86465709377998,-0.0018760395105587,-0.0388876766699749,-0.0171240936267254,0.0547887057944437,"LEMA","All","family","family"
"1200",0.85875702127684,-0.0535788079530509,-0.0513337611537918,0.102484452603042,-0.0444629286116567,"LEMA","All","family","family"
"1201",0.871912434008893,0.0398631728241772,-0.0530758035246121,-0.0229731804361529,-0.0372980441362872,"LEMA","All","family","family"
"1202",0.861156896445795,0.0277932581535545,-0.016988911815914,0.0337480305843008,0.0221808970518395,"LEMA","All","family","family"
"1203",0.844866435900316,-0.15230288799215,0.0619760391335458,0.00639265260649353,0.0562258336973583,"LEMA","All","family","family"
"1204",0.861165031584869,0.0330877582589,-0.0220332833106004,-0.0503597814522081,0.01687560729003,"LEMA","All","family","family"
"1205",0.854386000270441,-0.0950349300237279,-0.0103131452838577,0.0116452256713228,0.0255557810639584,"LEMA","All","family","family"
"1206",0.852793634030626,0.0443872924504771,-0.010626709095759,-0.0470522774064375,-0.00154177909349727,"LEMA","All","family","family"
"1207",0.860062781846656,-0.179430341795701,-0.00795288949727335,-0.0159205787895864,0.041538811835346,"LEMA","All","family","family"
"1208",0.857539201177349,-0.0811093157429627,-0.0381485075312779,-0.062008009808367,0.0847837527062319,"LEMA","All","family","family"
"1209",0.862289159262299,-0.11339555939783,-0.0394892074285678,-0.0741388300956963,0.102007164021186,"LEMA","All","family","family"
"1210",0.860629121249551,0.0628555480929629,-0.0352546730402957,0.0733178212375213,0.0240110888904869,"LEMA","All","family","family"
"1211",0.859396396078975,0.154052879730753,-0.00374937942094011,-0.0539406057020979,0.0727742285285408,"LEMA","All","family","family"
"1212",0.878369142410647,-0.0453945270430088,-0.0881657419973555,-0.0528632362526294,0.0081404305460536,"LEMA","All","family","family"
"1213",0.867846464575778,-0.0366860233923136,-0.0615738157480108,-0.0619504420381482,-0.0112483340169645,"LEMA","All","family","family"
"1214",0.859357349268759,-0.0322496198665762,-0.0550935829074211,0.0736691393846509,0.00240988254448233,"LEMA","All","family","family"
"1215",0.865806786439263,-0.0816942377716873,-0.0469806135908233,-0.104460430408901,0.0317248608358224,"LEMA","All","family","family"
"1216",0.850643772714904,0.167171944955527,-0.015765901122522,0.0127948036215004,0.0692517770611559,"LEMA","All","family","family"
"1217",0.856537784220268,0.0357400076707795,0.0255381247792548,-0.0194333020513791,-0.0580711372589521,"LEMA","All","family","family"
"1218",0.864972397477575,-0.0759995847509429,-0.0126590863152023,-0.020576177136226,0.00977130933699307,"LEMA","All","family","family"
"1219",0.870481855059088,-0.188218170339502,-0.0891442585007244,0.0258464107306742,0.0487655204340035,"LEMA","All","family","family"
"1220",0.862332323859105,-0.108551072319141,-0.0298083322016851,-0.00200911116604422,-0.00613139173634567,"LEMA","All","family","family"
"1221",0.866514236401545,-0.0320945584820941,-0.0323676539823362,-0.0334731206843429,0.0332066506098657,"LEMA","All","family","family"
"1222",0.866198774954036,0.00744567544980979,-0.044373903211507,0.00492583849329383,-0.0369659012332065,"LEMA","All","family","family"
"1223",0.864326372784038,-0.141214269223751,0.0181677169097967,-0.0521120278379962,-0.0267084499072801,"LEMA","All","family","family"
"1224",0.866919043553601,-0.0714992919192136,-0.0390496041918663,-0.056856153153999,-0.00413028621988842,"LEMA","All","family","family"
"1225",0.850744607322272,-0.180353305719069,-0.0194696602576653,-0.0315977710637427,0.0702257391630964,"LEMA","All","family","family"
"1226",0.862760869831893,0.145439710646673,0.0187624449096384,0.0138686186083089,0.0750079067668372,"LEMA","All","family","family"
"1227",0.863760896441955,-0.137243926874343,-0.0252216710100553,-0.0929615784030179,0.00237052588999721,"LEMA","All","family","family"
"1228",0.878278091027977,-0.116319336797904,-0.0584198718732869,-0.0952766632767997,0.00124549551319753,"LEMA","All","family","family"
"1229",0.866422135262521,-0.26887396174626,-0.0540138013005728,-0.0363108685848541,0.0482104676177037,"LEMA","All","family","family"
"1230",0.866829933224711,-0.0719268952601807,-0.0493300132259871,-0.0521758956332906,0.023207620346427,"LEMA","All","family","family"
"1231",0.877959899728531,-0.0255875208942428,-0.0689314312712912,-0.122097327199502,0.00285134442077108,"LEMA","All","family","family"
"1232",0.884425683604232,-0.253766497137905,-0.124822818848838,-0.103952385646935,0.00502106863140765,"LEMA","All","family","family"
"1233",0.861213039706509,-0.0474276000412424,-0.0419030542242955,-0.0498568242631499,-0.000157193447405037,"LEMA","All","family","family"
"1234",0.86068804600345,-0.147510789178364,-0.011985572599801,0.0217668516126591,-0.0286888410254173,"LEMA","All","family","family"
"1235",0.862785940818473,-0.15567662539123,-0.0262225762631964,-0.02682770592908,-0.0154149450272743,"LEMA","All","family","family"
"1236",0.863663544331858,0.0650027576194188,-0.020115014159696,-0.0700429592692468,0.0270976211998155,"LEMA","All","family","family"
"1237",0.862816764762452,-0.0525362959647224,-0.043621120645271,-0.0669019145086258,0.0250370933029212,"LEMA","All","family","family"
"1238",0.87298928558074,-0.177009725086062,-0.0439185842650727,-0.127821278478011,0.041372651799749,"LEMA","All","family","family"
"1239",0.854684657961995,-0.213545641678959,-0.0550690573571738,0.0279164050469174,0.0642687666251922,"LEMA","All","family","family"
"1240",0.845132149748995,0.0885743842745779,0.0128111127456956,-0.00147085477786684,0.0894407934410091,"LEMA","All","family","family"
"1241",0.85917349145432,-0.0634250391217736,-0.00827790360526759,-0.087879303687332,0.0271547264652362,"LEMA","All","family","family"
"1242",0.857161417327413,-0.138839989351739,-0.0226316664230322,-0.0561076705414353,0.100501202606361,"LEMA","All","family","family"
"1243",0.86768140972753,-0.0657116357180491,-0.0450234375918502,-0.16255448013506,-0.00949428565943848,"LEMA","All","family","family"
"1244",0.874020522980327,0.0319181166397533,-0.0809956687359021,-0.0579403715921343,0.00418485525880629,"LEMA","All","family","family"
"1245",0.857575196305061,-0.134825061256852,-0.0150812729434464,-0.0617923148380824,0.0272061091142824,"LEMA","All","family","family"
"1246",0.863429786994691,-0.0709135034715599,-0.0674323224354043,-0.0016828555975812,0.0114749686830038,"LEMA","All","family","family"
"1247",0.864179846813245,-0.000772830536375446,-0.0310628458360397,0.012319395052603,0.0130548921685223,"LEMA","All","family","family"
"1248",0.864883162995583,-0.0784934762235638,-0.0499894919174648,-0.0306710076358224,0.0180989466693641,"LEMA","All","family","family"
"1249",0.857719931909582,0.00474284754377674,-0.0126826677177002,-0.0644894040682902,0.0342299594954942,"LEMA","All","family","family"
"1250",0.873694390447953,0.0233662613685257,-0.0572920320146927,-0.0780410424642256,-0.00958583337013455,"LEMA","All","family","family"
"1251",0.850644327742942,-0.138041970939689,0.0566516303929117,0.0525400127153335,0.0596388316506785,"LEMA","All","family","family"
"1252",0.864822665401441,-0.136657290067473,-0.0230629158346249,-0.033017878384466,0.043551384006805,"LEMA","All","family","family"
"1253",0.869378610902723,0.0445036473751697,-0.0552820257251858,-0.0776149383909962,0.0203236525965185,"LEMA","All","family","family"
"1254",0.849354848340498,-0.0222980857178898,0.00805279466110775,0.00219595598310462,0.0225133562161785,"LEMA","All","family","family"
"1255",0.869041991253799,-0.146082535963425,-0.062166153845552,0.00574442028534075,0.00175831807405406,"LEMA","All","family","family"
"1256",0.873542745757131,-0.0484495436277307,-0.0791077321004665,-0.113711334983507,0.0597114659585346,"LEMA","All","family","family"
"1257",0.865781393025049,-0.0686421286817979,-0.00887182449593038,-0.0622158702703692,0.0264443245707164,"LEMA","All","family","family"
"1258",0.847369267474039,0.0100155183872792,0.0433720546914491,0.0176257080265405,0.0618398165714034,"LEMA","All","family","family"
"1259",0.857131284996967,0.059571502423762,-0.0206285325443084,-0.0451576534966699,0.0493100490496428,"LEMA","All","family","family"
"1260",0.855818377208225,-0.112044949866004,-0.00586700390698203,-0.0460800599411364,0.0332391340379833,"LEMA","All","family","family"
"1261",0.866673058438668,-0.143966814212734,-0.0539503173230774,-0.0563998673536924,0.0425898708783642,"LEMA","All","family","family"
"1262",0.87465091413549,-0.0768119011238514,-0.0883395895255149,-0.0939055505607602,0.011972612203972,"LEMA","All","family","family"
"1263",0.862928689256217,0.0725068457518845,-0.0601357039486999,0.0315880108756255,0.0344563642463505,"LEMA","All","family","family"
"1264",0.88690932762577,-0.0271461497956036,-0.0894963429904064,-0.163947959469028,-0.0495909912785399,"LEMA","All","family","family"
"1265",0.855775860023421,-0.0294293418902386,-0.0208378486796831,-0.00706871106731733,0.0358284710072552,"LEMA","All","family","family"
"1266",0.862222930799892,-0.0258912872384628,-0.0402271302209841,-0.0593729834454031,0.0436366795601421,"LEMA","All","family","family"
"1267",0.879940102390145,-0.0691207885016846,-0.121802955883087,-0.0865832826970418,-0.027353813262871,"LEMA","All","family","family"
"1268",0.862824296927272,0.0285349881385575,-0.0250590069059606,0.0481373551649959,0.00125714765506873,"LEMA","All","family","family"
"1269",0.864257946970136,-0.0479845843473695,-0.0491251507382164,-0.0243521851723342,0.0737839893003165,"LEMA","All","family","family"
"1270",0.857142667602813,0.12460136613957,-0.00227887356938572,-0.0226561046776069,0.0150415058448953,"LEMA","All","family","family"
"1271",0.873609814777726,-0.0771316669434189,-0.066212716211932,-0.131446590556584,-0.00677761752724718,"LEMA","All","family","family"
"1272",0.864923243876222,-0.0132269578666042,-0.0731385077221922,-0.0545516073822228,0.00179011227160325,"LEMA","All","family","family"
"1273",0.870089583565172,0.0525102395231316,-0.0916354525184143,-0.00584668009352471,0.00746079147546504,"LEMA","All","family","family"
"1274",0.862360425834017,0.0148499317221233,-0.0280553898037383,-0.0936452162926321,0.0569830983546312,"LEMA","All","family","family"
"1275",0.860775758175615,0.00188136667027994,-0.0324055753797405,-0.113690459001765,0.0354832032145158,"LEMA","All","family","family"
"1276",0.851803159966205,0.0485002804758909,0.00132289083677839,-0.00053517894140739,0.0548501546274883,"LEMA","All","family","family"
"1277",0.86076389521111,0.0807888551981273,-0.0272641271141898,-0.0968740668555293,0.0520284868423103,"LEMA","All","family","family"
"1278",0.86636676328405,0.13033167075433,-0.00612598268744635,0.0355008829380378,-0.00220918905712332,"LEMA","All","family","family"
"1279",0.857027918662501,-0.00588325342996088,-0.017580460218645,-0.0516681521986205,0.113275862256006,"LEMA","All","family","family"
"1280",0.860621554684085,-0.120732414774065,-0.0105970063607123,-0.0566464046794622,0.065668239360645,"LEMA","All","family","family"
"1281",0.85105784534638,0.0182322983250658,-0.0317991338804647,0.0615804575524037,0.0270357321380564,"LEMA","All","family","family"
"1282",0.857468671730505,0.177031974725193,-0.000857309196534817,-0.0346507786364914,0.0247061376990779,"LEMA","All","family","family"
"1283",0.853762630778834,-0.0335229459863134,-0.0260055802701649,-0.0523939303861525,0.119860554749901,"LEMA","All","family","family"
"1284",0.854597781480512,-0.00929080594092624,-0.0157499379248802,-0.187871440861801,0.108262583782738,"LEMA","All","family","family"
"1285",0.858069908802033,-0.072587264875468,0.0292315887467367,0.051155253726526,0.0125617691158826,"LEMA","All","family","family"
"1286",0.868806130704669,-0.185128840310305,-0.0662691392757073,-0.0225000375557873,-0.0268939632996669,"LEMA","All","family","family"
"1287",0.868732162444498,0.0901800222518681,-0.072722211836218,-0.110424043355351,0.0380577761285671,"LEMA","All","family","family"
"1288",0.866968787767038,-0.0322101039266703,-0.0237548392290419,-0.0371951175067266,-0.0137325087245892,"LEMA","All","family","family"
"1289",0.858169227056078,0.0666805686906278,-0.0382289806690841,-0.0863438282948442,0.0325552290473448,"LEMA","All","family","family"
"1290",0.861946446144427,-0.13607198608564,-0.0227368537398237,-0.0407614861981868,0.0614155757359712,"LEMA","All","family","family"
"1291",0.859904699532877,-0.0325119026895643,-0.00149513330749329,-0.0562400422224321,0.0566001230351935,"LEMA","All","family","family"
"1292",0.85171218595875,-0.0390676458643966,-0.0210579959024843,0.0160613327525191,0.0352607169885044,"LEMA","All","family","family"
"1293",0.858035158379106,-0.0932575854704345,-0.0159530897796749,0.0057755431875484,0.00422223953168917,"LEMA","All","family","family"
"1294",0.870790232538375,-0.0951596743987291,-0.0848832119566008,-0.0470954819153,-0.0319964394361311,"LEMA","All","family","family"
"1295",0.854805608492264,-0.260314639221352,-0.0119655470383734,-0.000154202280604962,0.0206312697123218,"LEMA","All","family","family"
"1296",0.853491447417496,-0.0250808694230215,-0.0412583795616298,-0.0179726383600062,0.0543859929704154,"LEMA","All","family","family"
"1297",0.865961745101755,-0.0732840384845079,-0.0938404596406873,-0.081926069736982,0.0109489166788617,"LEMA","All","family","family"
"1298",0.846720269079405,-0.112190851702202,-0.0330767694764128,-0.0126428587736339,0.124105644824968,"LEMA","All","family","family"
"1299",0.869855515833736,-0.184568669616121,-0.0550630912293808,-0.0737330142989096,0.0469727801312,"LEMA","All","family","family"
"1300",0.846029711381528,-0.0225210742197836,0.0293278662286225,-0.0180695165521592,0.0727465713467376,"LEMA","All","family","family"
"1301",0.848511717846703,-0.0867600551119925,-0.0228698397512059,-0.00155623452974016,0.0853567733964354,"LEMA","All","family","family"
"1302",0.861135969695575,0.0484710332854859,-0.0602314568691231,-0.00388373275353157,0.051975752328213,"LEMA","All","family","family"
"1303",0.856365825373746,-0.217759894775825,0.0105772256463337,-0.0613941747541466,0.0110638182268357,"LEMA","All","family","family"
"1304",0.862018054125907,0.0653840293629457,-0.0523095399434029,-0.0779571364851416,0.0171523772708095,"LEMA","All","family","family"
"1305",0.852381524191206,0.0499627446400643,0.00121232699041718,0.0391875096790558,0.0258379261998846,"LEMA","All","family","family"
"1306",0.862459434173238,-0.0715768416896186,-0.0568604875044373,-0.0239513369409683,-0.0157125434060775,"LEMA","All","family","family"
"1307",0.857035763148888,0.0487666281031951,-0.0180619780413567,-0.0499137726114142,-0.0427428835212255,"LEMA","All","family","family"
"1308",0.861902699089473,-0.172331115519094,-0.0518633462970643,-0.0371467044917926,0.011758552623943,"LEMA","All","family","family"
"1309",0.874187889763504,-0.133114374473811,-0.0944121099556897,-0.0763028046038327,0.000443841718627593,"LEMA","All","family","family"
"1310",0.860936415166828,-0.128804863003469,-0.00584689082792844,-0.0525202474251457,0.060258935896414,"LEMA","All","family","family"
"1311",0.867043260587104,0.0757638717251357,-0.0122810047877254,-0.105053913311328,-0.00760161415853368,"LEMA","All","family","family"
"1312",0.860395545142009,-0.0529058666521577,0.0133382163770153,-0.0805108901830048,0.0771032341586055,"LEMA","All","family","family"
"1313",0.863837462257207,-0.0825992853941607,-0.0610093631916263,-0.102563487962095,0.0892953083209875,"LEMA","All","family","family"
"1314",0.872916464288824,-0.138315249336379,-0.0533122343906356,-0.0886237995317858,0.0187525515181661,"LEMA","All","family","family"
"1315",0.860561398827576,-0.119862898676954,-0.0371772746515538,-0.0224832379332986,0.0945010696579553,"LEMA","All","family","family"
"1316",0.8473515441787,-0.217431088344875,0.00661960310540732,0.0174696534485222,0.073286254227716,"LEMA","All","family","family"
"1317",0.857674350591588,-0.0224326408312279,-0.0296712796843661,0.0271830505455538,0.0274022973156134,"LEMA","All","family","family"
"1318",0.855592338789166,0.00345829270552245,-0.0234864257476864,-0.0167706615707739,0.0120267041357941,"LEMA","All","family","family"
"1319",0.864257709557182,-0.0382612446940629,-0.0503529718528667,-0.117513435106575,-0.0196910529725962,"LEMA","All","family","family"
"1320",0.853773915787391,-0.0512928451187192,0.0084753144796621,-0.00486501810681319,0.0480775436425782,"LEMA","All","family","family"
"1321",0.85394932381607,-0.26081866904008,0.00274926102219775,0.0430910189535713,0.0633245176785524,"LEMA","All","family","family"
"1322",0.848805086033105,-0.00927991881187884,-0.0324307265847867,0.0462268163825115,0.0619358248376947,"LEMA","All","family","family"
"1323",0.869779834204701,-0.183458947251627,-0.00610081366739335,-0.0366144116659293,0.0378150444796664,"LEMA","All","family","family"
"1324",0.876803760027093,-0.20295430861244,-0.0686668373428402,-0.0603222761152744,0.0710899286863734,"LEMA","All","family","family"
"1325",0.849059224440732,-0.078247045851506,0.0110066158890083,-0.0114608463052724,-0.00944908236024939,"LEMA","All","family","family"
"1326",0.863864736250867,-0.0469444394270478,-0.0484791384898345,-0.0195451586062587,-0.0137800586764853,"LEMA","All","family","family"
"1327",0.865178184847221,0.0130169015183768,-0.046916654740678,-0.0907216889730994,-0.0172335860369185,"LEMA","All","family","family"
"1328",0.867295784523243,-0.0197982517691531,-0.0778373978518929,-0.0941537903787744,0.0248795409707293,"LEMA","All","family","family"
"1329",0.861299129915918,-0.0506476046189134,-0.0346012547182714,-0.0228488347491011,0.020261507221429,"LEMA","All","family","family"
"1330",0.854146597670403,-0.0350021734984777,-0.0220768849719357,0.0031968046668212,0.0532843341457224,"LEMA","All","family","family"
"1331",0.861819668121972,0.044456150614627,-0.0610147212833501,-0.125311444659224,0.087222192286882,"LEMA","All","family","family"
"1332",0.8572154055188,-0.0250816335783831,-0.00920928675193544,-0.0480775132755341,0.0518981939898902,"LEMA","All","family","family"
"1333",0.846340799772063,0.156304131405122,0.0286956259116555,0.0168323063131595,0.00706184850594268,"LEMA","All","family","family"
"1334",0.866615904110857,-0.0697629654752489,-0.0821900815258264,-0.0300752653277596,0.0382959151260285,"LEMA","All","family","family"
"1335",0.860458169122949,0.0874376959494583,-0.0323939045465153,-0.082524236132997,0.0374631468840626,"LEMA","All","family","family"
"1336",0.863461972850706,0.0995854915815548,-0.036324084793625,0.00774879480528929,-0.0369713417303709,"LEMA","All","family","family"
"1337",0.872008556934837,-0.0509523964537741,-0.0196531375912165,-0.141584125341449,-0.0258827190805088,"LEMA","All","family","family"
"1338",0.869081774887091,-0.019731839398791,-0.0705291736942493,-0.159333637851218,0.0525388813722079,"LEMA","All","family","family"
"1339",0.868114058118874,-0.116351500181151,-0.0675954439463456,-0.0545378648753893,0.0709205682759231,"LEMA","All","family","family"
"1340",0.858153058625049,0.13402254965569,-0.0190440482474555,-0.0449139165885217,0.0611822998676144,"LEMA","All","family","family"
"1341",0.854439207134526,0.175163829174376,-0.011654163216296,-0.0488576877350186,-0.00878781492649263,"LEMA","All","family","family"
"1342",0.859675373604928,-0.180605531051965,-0.0278839868564456,-0.0549378555395115,0.0519407354816042,"LEMA","All","family","family"
"1343",0.862159538975241,-0.0302426216153606,-0.0332359434871888,-0.0909299071315467,0.0635203224468515,"LEMA","All","family","family"
"1344",0.853773494722922,-0.026870620233763,-0.00257800389083074,0.0189552746519633,0.0252356684536199,"LEMA","All","family","family"
"1345",0.854875548897258,-0.0747069220668088,-0.0366196893116424,-0.0144261276745208,0.121445315148581,"LEMA","All","family","family"
"1346",0.855810867353306,-0.163543292455081,-0.0238341787645545,-0.046850960182471,0.0292730647576683,"LEMA","All","family","family"
"1347",0.859960685367256,-0.0114835265068894,-0.0439443109593134,-0.0543929325956156,0.000573295834171832,"LEMA","All","family","family"
"1348",0.862086133221393,-0.183664897644914,-0.0187029115641971,0.00304026720081559,0.0233389651467684,"LEMA","All","family","family"
"1349",0.861089696299403,-0.0440783485234562,-0.058932739683778,-0.112944092058741,0.0265696280362323,"LEMA","All","family","family"
"1350",0.870409485483879,0.10991763349409,-0.0398079692790858,-0.112519619181001,-0.0150351805685312,"LEMA","All","family","family"
"1351",0.865445153798138,0.00761604374919833,-0.082241149380001,-0.0326788717386223,0.0361058235459461,"LEMA","All","family","family"
"1352",0.86929636942855,0.0412981329198183,-0.0622867129337965,-0.0973658263513291,-0.0637768984124138,"LEMA","All","family","family"
"1353",0.855658981693717,-0.0753996746584101,-0.0362306434801546,0.0321402545101145,0.0766551872431285,"LEMA","All","family","family"
"1354",0.871560219615133,-0.0190317677112822,-0.0603385387318037,-0.101365263291811,0.0693908612229472,"LEMA","All","family","family"
"1355",0.871021563125005,0.0541850341108652,-0.0844666653748004,-0.0386417258824611,0.0231983435634996,"LEMA","All","family","family"
"1356",0.861075268081597,-0.0208786885709352,0.00853198754191453,-0.103904407326811,-0.0436775789777467,"LEMA","All","family","family"
"1357",0.852208811191804,-0.0234427569375623,0.0190946744122402,-0.0199013519340602,0.0583617839917868,"LEMA","All","family","family"
"1358",0.864889154695491,-0.131267844801823,-0.0184412962704484,-0.0807762845253117,0.0889327024921847,"LEMA","All","family","family"
"1359",0.858625629638828,-0.111971312018442,-0.0243491256211981,0.0286852654151909,0.038512241469923,"LEMA","All","family","family"
"1360",0.868119201899553,0.0172820426362204,-0.0471704220455221,-0.0951785747335046,-0.0194605409203187,"LEMA","All","family","family"
"1361",0.856631892821097,-0.103174200431099,-0.0119989775754582,0.0519579791862905,-0.0251604554478765,"LEMA","All","family","family"
"1362",0.854521461031003,-0.0807927338448903,0.011715233023418,-0.0626025293975395,0.0481310138202591,"LEMA","All","family","family"
"1363",0.858583799494334,-0.0751395645757018,-0.0215915209506622,-0.023009781113453,-0.0629468037676036,"LEMA","All","family","family"
"1364",0.861484130872878,-0.0654233550634362,-0.0378879688818554,-0.0254663742312199,0.0219039498879063,"LEMA","All","family","family"
"1365",0.862423628326136,0.0854764920244995,-0.0492507663633991,-0.0542277241427769,-0.0119898469342555,"LEMA","All","family","family"
"1366",0.860222340507739,0.0186697537382718,-0.0468915771953599,-0.0449114004568795,0.00879029962994522,"LEMA","All","family","family"
"1367",0.85776579452574,0.0903582226778845,-0.0469415353667243,-0.0809652018826164,0.089441887484516,"LEMA","All","family","family"
"1368",0.855519084837976,0.0891722116721101,-0.0159359845866464,0.00568885623202457,0.0135985666668459,"LEMA","All","family","family"
"1369",0.886485706535948,-0.131616093929959,-0.14472678027882,-0.176462086485548,0.000586055857595099,"LEMA","All","family","family"
"1370",0.866099819400899,-0.091440432857844,-0.0601250516698189,-0.0626772624992497,0.049321029292044,"LEMA","All","family","family"
"1371",0.870758531000673,-0.0706371633010289,-0.0738883103400263,-0.077196221004852,0.0577837775824288,"LEMA","All","family","family"
"1372",0.873910333519802,-0.0915352280609786,-0.0647931238682687,-0.0919471815595157,0.0168849393564287,"LEMA","All","family","family"
"1373",0.861998699561015,-0.021904285351528,-0.0567112685284372,0.0105892998267761,0.0512226928982347,"LEMA","All","family","family"
"1374",0.865951501554262,-0.198069084900112,-0.0191490292914714,0.0366813473283849,-0.0274849417723767,"LEMA","All","family","family"
"1375",0.859669251297877,-0.236769269683406,-0.00521879614733067,-0.0400377590083568,0.069648123381226,"LEMA","All","family","family"
"1376",0.85588877979435,0.180872024519596,-0.0172423498919907,-0.0138194809610116,0.0413766882683122,"LEMA","All","family","family"
"1377",0.872114118136852,-0.0224400509007986,-0.0496924195492102,-0.086664349934299,-0.0508023301646261,"LEMA","All","family","family"
"1378",0.854790819997266,-0.0114239697802253,-0.0563454341901187,0.0318347405413894,0.0714228945539156,"LEMA","All","family","family"
"1379",0.871878484531866,-0.0326825718488762,-0.0594030100169526,-0.0785201233224929,0.0267204391077486,"LEMA","All","family","family"
"1380",0.867716179804177,0.0146257961960523,-0.0502217914711678,-0.0712117054124608,0.0368565536485349,"LEMA","All","family","family"
"1381",0.857426249578815,-0.0276497174278365,-0.00879635723035954,-0.0867584334256921,0.0543891210917579,"LEMA","All","family","family"
"1382",0.863418216886651,0.0054039528807639,-0.0375875887798662,-0.0592523083023969,0.0812613293139311,"LEMA","All","family","family"
"1383",0.85758442853329,0.0534351371511186,-0.0877030602725635,-0.0175648811093011,0.032017232143014,"LEMA","All","family","family"
"1384",0.873505904166811,-0.136618788285105,-0.125546091238034,-0.120559213401874,0.00787435115418018,"LEMA","All","family","family"
"1385",0.872680712486355,-0.123116292116887,-0.037177756337006,-0.0732558390919145,0.0209510396912103,"LEMA","All","family","family"
"1386",0.858347613852414,-0.136651458915587,-0.0178316286262006,-0.0289178067356733,0.053914772315144,"LEMA","All","family","family"
"1387",0.863113429161125,-0.165210841485714,-0.0416900659741544,0.0487032193916711,0.00766362025279734,"LEMA","All","family","family"
"1388",0.853264479406773,0.0378626805336184,0.0205255199749417,-0.028667832513397,-0.0160914843238828,"LEMA","All","family","family"
"1389",0.85452858159996,-0.138825916029973,-0.0167123605725638,0.00907995541748383,0.0107897636101878,"LEMA","All","family","family"
"1390",0.86209498626697,-0.033239879937072,-0.017865044765227,-0.0165631402114305,0.00821188731437165,"LEMA","All","family","family"
"1391",0.878289053487412,-0.0790518126857382,-0.114514736814597,-0.16688589047301,0.0516905643963712,"LEMA","All","family","family"
"1392",0.858445807346097,-0.111289655628459,-0.00997769511167534,0.0456579685196687,0.00776966571646525,"LEMA","All","family","family"
"1393",0.849202400362663,0.0449046905273263,-0.0405903382203312,0.0110402137807261,0.0864673077770105,"LEMA","All","family","family"
"1394",0.856964830004498,0.0876911232634556,-0.0390070536311705,-0.0772731245182114,0.00158264816632558,"LEMA","All","family","family"
"1395",0.867014704910291,-0.100493176025844,-0.0281062083896371,-0.097269054823457,-0.00655449935306958,"LEMA","All","family","family"
"1396",0.868981935817678,-0.0237503537319875,-0.0415520969943882,-0.00181854448644086,0.00497718668906206,"LEMA","All","family","family"
"1397",0.863505628418589,-0.150761089681186,-0.0423703727025219,-0.0169762964724647,0.0179558181617736,"LEMA","All","family","family"
"1398",0.863007381194065,0.0638840070216247,-0.03739357305359,0.0142397629449225,-0.0497506508713531,"LEMA","All","family","family"
"1399",0.86366763323594,-0.0708275276818252,-0.029661953245477,0.0345674044023901,0.0566440946720847,"LEMA","All","family","family"
"1400",0.873247923281572,-0.13178361264326,-0.0779313869653889,-0.0764669463634481,0.0477130395266245,"LEMA","All","family","family"
"1401",0.855452454767397,0.120547376879149,-0.0367985922747567,-0.00945716513960546,0.00509270201503631,"LEMA","All","family","family"
"1402",0.863734357920288,-0.241414697705836,-0.063636604701409,-0.0559598400543287,0.0628677594500226,"LEMA","All","family","family"
"1403",0.862336470548869,-0.19755241134488,-0.0221128431852855,-0.0323936237528286,-0.0162592055807391,"LEMA","All","family","family"
"1404",0.861511100366044,-0.0479529424839317,-0.0342769361055038,-0.0642002527445723,0.0449107765540001,"LEMA","All","family","family"
"1405",0.862858839709863,0.0278875389611764,0.00110038842999405,0.0197730466267476,0.0274339661094547,"LEMA","All","family","family"
"1406",0.868868923416657,-0.119414969854437,-0.0228874255039363,-0.0351815558641108,-0.0214571468633086,"LEMA","All","family","family"
"1407",0.860621111344625,-0.181478195498157,-0.0670572256576294,-0.086379636615745,0.0992785970230723,"LEMA","All","family","family"
"1408",0.851929583611644,-0.191834799715979,-0.00559947175535092,0.00586338684592166,0.0202981371180312,"LEMA","All","family","family"
"1409",0.870966092483964,0.0850260458315613,-0.0183374019136443,-0.0325762689405134,-0.0887728341245936,"LEMA","All","family","family"
"1410",0.877033190990981,-0.172119838591028,-0.0603637155825283,-0.135389505159756,0.0573281390651137,"LEMA","All","family","family"
"1411",0.852340451682762,0.0814770677824894,-0.00679088780843806,0.0118241274873169,0.0221957274785357,"LEMA","All","family","family"
"1412",0.860379286904069,-0.013852156856886,0.00171418131468859,-0.0360360541045731,-0.0408809002197032,"LEMA","All","family","family"
"1413",0.867546391434573,0.0216158862411726,-0.0879962545823484,-0.0744356988667352,0.0463885463845107,"LEMA","All","family","family"
"1414",0.859946726131787,0.129989538928721,-0.0238236697718459,-0.0772268470415281,-0.0181784454533138,"LEMA","All","family","family"
"1415",0.873829856305209,-0.0136029266425038,-0.0963061707853691,-0.110014772602957,-0.0210871687953752,"LEMA","All","family","family"
"1416",0.860145750400478,0.0780317185144677,-0.0337672365439221,-0.0419442055547602,-0.0277013966267771,"LEMA","All","family","family"
"1417",0.858230365859988,-0.0380982947198653,0.0197398902917192,0.0654452016446041,-0.0221552382506934,"LEMA","All","family","family"
"1418",0.867693738432234,-0.0140269206172536,-0.0257922953083738,-0.0379629651501372,-0.02617182060605,"LEMA","All","family","family"
"1419",0.862534475403905,0.0226262635457024,-0.0427538477192584,-0.0307923961562283,-0.00158273603185044,"LEMA","All","family","family"
"1420",0.85863412489234,-0.191029373596095,-0.012386133935208,-0.0142944444209135,-0.0192010702510294,"LEMA","All","family","family"
"1421",0.863786774806855,-0.151195002318453,-0.00164529063438124,-0.076448635927917,0.0209859608361937,"LEMA","All","family","family"
"1422",0.846007782011004,0.0893211542211128,-0.000438394462969338,0.077067295480001,0.125258265190775,"LEMA","All","family","family"
"1423",0.853932982884964,0.0421191105266845,0.0135355524790128,-0.0350957052140318,0.0318572106061809,"LEMA","All","family","family"
"1424",0.872604884600357,-0.00408657706947757,-0.0474009243095863,-0.0659582171838758,0.0427688480966706,"LEMA","All","family","family"
"1425",0.862433827394292,-0.017717457569377,-0.0504770691519947,-0.0458385746961133,0.0363127745743127,"LEMA","All","family","family"
"1426",0.865569094282534,0.0358726275585473,-0.0871235722787496,-0.045006522500227,-0.0129698060358394,"LEMA","All","family","family"
"1427",0.863828842022914,-0.0668611534531954,-0.0466439074397179,-0.0414331507909241,0.00364223923885775,"LEMA","All","family","family"
"1428",0.858313327367292,-0.0291414314111438,-0.0269127034590435,-0.0476621444532969,0.027329315672793,"LEMA","All","family","family"
"1429",0.86241542039387,0.0639786872075003,-0.0327643064080041,-0.0846295150507937,-0.02831377347178,"LEMA","All","family","family"
"1430",0.853312633896111,0.0996412985500452,-0.0613221036447149,-0.00967828581446075,0.0357835977908893,"LEMA","All","family","family"
"1431",0.868364524293038,-0.0287597661313502,-0.0716574293283281,-0.0755424426437579,0.0110115191040058,"LEMA","All","family","family"
"1432",0.876090832224082,0.0939970830793264,-0.0691507048557156,-0.0975299463329766,0.0196587189604584,"LEMA","All","family","family"
"1433",0.864297667474266,-0.0315582120543009,-0.0303870814036933,0.00418588021191572,-0.0241537059551212,"LEMA","All","family","family"
"1434",0.850583875499505,0.102892183709244,-0.0271797301798921,-0.0244513071394292,0.0546912901081267,"LEMA","All","family","family"
"1435",0.864250466706703,0.0310336885083131,-0.0707039916202874,-0.0517632591895928,0.0195774752506911,"LEMA","All","family","family"
"1436",0.860914854619569,-0.122172078334644,-0.0636182717159458,0.0113259421314535,0.0508614312955954,"LEMA","All","family","family"
"1437",0.851620568881788,-0.0901310363378361,0.0235861728770959,-0.0139532585043319,0.0181328547663847,"LEMA","All","family","family"
"1438",0.862148281624551,-0.17136019986496,-0.0150215922210207,0.0577983112781415,0.0157436806921616,"LEMA","All","family","family"
"1439",0.864335899372911,-0.0794030253913716,-0.0138250537160105,-0.0836571992117891,0.0433324052967444,"LEMA","All","family","family"
"1440",0.865557408712288,0.0531453334048333,-0.0315307759046193,-0.0410207786755,-0.00561944504911197,"LEMA","All","family","family"
"1441",0.858399119575018,0.142058409536886,0.00791414119065204,0.0281136951691403,0.0295153886672375,"LEMA","All","family","family"
"1442",0.86691874162135,-0.0587309040565444,-0.0343781101178798,-0.0545594584027222,-0.00275450860053856,"LEMA","All","family","family"
"1443",0.854652692503009,0.118839289152055,-0.0212427150257934,-0.0625912231414284,0.0591119931566892,"LEMA","All","family","family"
"1444",0.868592007359699,0.0438255982895372,-0.0724195008811213,-0.118086460523585,-0.0186884261054596,"LEMA","All","family","family"
"1445",0.870890544352101,-0.284965062691849,-0.0330330951076937,-0.0925092695360633,0.0244308155625449,"LEMA","All","family","family"
"1446",0.86205103172003,-0.0746510531506965,-0.0630045721578822,-0.0654465938561639,0.0551047683349958,"LEMA","All","family","family"
"1447",0.86389690759153,-0.0396807551123753,-0.0191277752357349,-0.0560228568181234,-0.0349676987993453,"LEMA","All","family","family"
"1448",0.869204840311957,-0.13414150441086,-0.0262778936829319,-0.00351776244704066,-0.021030203639581,"LEMA","All","family","family"
"1449",0.848666941753025,0.144843978650623,-0.0341495071010498,0.0205448279507179,0.0367200967764322,"LEMA","All","family","family"
"1450",0.859492673383116,-0.147830565175341,-0.0079760562545933,-0.00816726306960419,0.0414948734400821,"LEMA","All","family","family"
"1451",0.853430065530974,-0.111913148909584,0.0483095594001286,-0.0509841881790926,-0.01897197909999,"LEMA","All","family","family"
"1452",0.866254131825563,-0.100725351900568,-0.062018940924908,-0.123261283965274,0.0362704136322165,"LEMA","All","family","family"
"1453",0.86346071287371,-0.173769852327689,-0.0208630175634621,-0.0325461210355837,0.040407393729037,"LEMA","All","family","family"
"1454",0.864523120482244,-0.00123573532671961,-0.0419941645371181,-0.0336656015167398,0.011945027504485,"LEMA","All","family","family"
"1455",0.874947966377532,-0.177095375693583,-0.112465784451954,-0.143424876999795,0.0181623535318431,"LEMA","All","family","family"
"1456",0.854745395751259,-0.0439973186732368,-0.0341743755185572,-0.0312395477458407,0.0144572555768454,"LEMA","All","family","family"
"1457",0.850617846218692,-0.111393553716214,-0.0065533622212729,0.0530892612631902,0.0224515234941095,"LEMA","All","family","family"
"1458",0.864820820161641,-0.0607640776627111,0.00331588626071699,-0.128022202266206,0.0138217467826796,"LEMA","All","family","family"
"1459",0.863870101828765,-0.00381495235956508,-0.0165763145701449,0.0204654691175114,-0.0740530669743207,"LEMA","All","family","family"
"1460",0.867989139817338,-0.246170953411474,-0.0941638440793703,-0.0837832164528219,0.0325364259905264,"LEMA","All","family","family"
"1461",0.856571350092728,-0.0752750769047895,-0.0124215121540181,-0.0662920233808601,0.0539544534370849,"LEMA","All","family","family"
"1462",0.862447506358343,-0.0852986725014921,-0.0509924376636282,-0.0498862190532497,0.0856541295867919,"LEMA","All","family","family"
"1463",0.856494979928069,-0.224888164548457,-0.0334394961781678,0.0380911943554433,0.0537445623247265,"LEMA","All","family","family"
"1464",0.859382566302465,0.0958349805742773,-0.0572035077191637,0.00866053084697388,0.00812445502389238,"LEMA","All","family","family"
"1465",0.847053535936814,-0.189950378677797,0.00510560994783971,-0.0207293244711687,0.0553086351934146,"LEMA","All","family","family"
"1466",0.86616469117613,-0.0579508712547315,-0.0207641955160167,0.0101621053971946,-0.0193614082704524,"LEMA","All","family","family"
"1467",0.86095091767104,-0.146488218435324,-0.0197974285930103,-0.0196755787173463,0.056199997831032,"LEMA","All","family","family"
"1468",0.866585315990085,-0.0321876296922053,-0.0544912821907817,-0.0157470459299596,-0.031409787961145,"LEMA","All","family","family"
"1469",0.860018668743449,-0.0922720517717901,-0.0353161494706878,-0.0214700365175728,0.0701804690284732,"LEMA","All","family","family"
"1470",0.871320149569091,0.110413986381552,-0.0885135711726394,-0.0844843671000113,-0.0162557943901598,"LEMA","All","family","family"
"1471",0.868808011421196,-0.0844110282400135,-0.082193006215055,-0.0329169139381112,0.020076274973674,"LEMA","All","family","family"
"1472",0.870053792290056,-0.0839813709673499,-0.0656655791737356,-0.054056144141951,-0.0367109280331484,"LEMA","All","family","family"
"1473",0.858030359446617,-0.254472486219825,-0.0289676639578975,-0.0477626144816724,-0.0237189799345338,"LEMA","All","family","family"
"1474",0.85387394856228,0.0509601203135313,0.0190696142422477,-0.0157344715790857,-0.0441981897574044,"LEMA","All","family","family"
"1475",0.851026825703881,0.0643127820189997,-0.0190280388470123,0.0771936648915269,0.000737593083590122,"LEMA","All","family","family"
"1476",0.860470538566576,-0.0164438958274479,-0.0301224633022081,-0.0392878248876139,-0.0171979711319591,"LEMA","All","family","family"
"1477",0.878796420837956,-0.157059867637631,-0.0775082087437015,-0.118424692104204,-0.0236837988803649,"LEMA","All","family","family"
"1478",0.8643019267008,0.00551259901204615,-0.0149333735056913,-0.0153803670039794,0.0038274324835002,"LEMA","All","family","family"
"1479",0.875251944137065,0.130257182519963,-0.0983051756784319,-0.0195407095225138,0.0557275141040642,"LEMA","All","family","family"
"1480",0.862515754031052,-0.13865030039524,-0.03603366919639,-0.0199923635814228,0.03073830124269,"LEMA","All","family","family"
"1481",0.868188448954646,-0.0864847715131561,-0.0525213171254755,-0.0672178088421301,0.0592943994750382,"LEMA","All","family","family"
"1482",0.853857517190589,-0.200646067205287,-0.0393801299918712,0.0552909208426035,0.00515281351715506,"LEMA","All","family","family"
"1483",0.864425129982105,0.0392757103844228,-0.0251904787806763,-0.0294857590278327,0.0621931330293137,"LEMA","All","family","family"
"1484",0.857577500299143,0.040800288630253,-0.0470911024307678,-0.00493182921111331,0.0874037321007983,"LEMA","All","family","family"
"1485",0.873171881446578,-0.0526326813815967,-0.0785648790809322,-0.177198292594633,0.0192080408936817,"LEMA","All","family","family"
"1486",0.848743292980284,-0.182252083737665,0.0112120800132378,-0.00936234624789168,0.0720097161432637,"LEMA","All","family","family"
"1487",0.869468320900087,0.133529508258145,-0.0468793502171101,-0.0830104340875547,0.00907569624871568,"LEMA","All","family","family"
"1488",0.865419809931535,-0.123562853318674,-0.0695514888488464,-0.0878612553347503,0.0119404372931974,"LEMA","All","family","family"
"1489",0.868055408467649,-0.138001057936312,-0.0582660305294432,-0.0274811827661812,0.0464824869790999,"LEMA","All","family","family"
"1490",0.851430107539364,0.00351668187125376,-0.00614244076788995,0.033316101130038,0.0261746185923612,"LEMA","All","family","family"
"1491",0.857114174716889,-0.157279287240172,-0.0809478323889307,-0.0421431373981504,0.100175277342962,"LEMA","All","family","family"
"1492",0.8592998544706,-0.0279893385866582,-0.00219054773587346,-0.065335949060707,0.115805503219473,"LEMA","All","family","family"
"1493",0.861728465750745,-0.0760774777203693,-0.00792465835193501,-0.0516466085026285,0.0385590422992706,"LEMA","All","family","family"
"1494",0.858385496408485,0.1206087215805,-0.0227740012418222,0.0372118261195969,0.0144701385706839,"LEMA","All","family","family"
"1495",0.872133439297894,-0.138240631826405,-0.0705948024362605,-0.100223454467016,0.0580560825866748,"LEMA","All","family","family"
"1496",0.865053561026438,-0.0760876421569187,-0.0239349324328385,-0.0569519729415403,0.0054627660533972,"LEMA","All","family","family"
"1497",0.856101020081244,0.149355114331589,-0.0592246811131373,0.00506866340428758,0.0215866906035795,"LEMA","All","family","family"
"1498",0.872744352359783,-0.162327310601597,-0.107900500342076,-0.00907876020087556,-0.0175187149237996,"LEMA","All","family","family"
"1499",0.866037294956839,-0.00750223262265126,-0.0269856949871526,-0.0124162924745526,-0.00910648932488697,"LEMA","All","family","family"
"1500",0.86012234125732,-0.000198142853995331,-0.0566095583828397,-0.0683253753105115,0.0548676310604883,"LEMA","All","family","family"
"1501",0.86098420624215,-0.202326375994867,-0.0576337288342964,-0.0445803092621374,0.0434414775249639,"LEMA","All","family","family"
"1502",0.867591547550616,0.208921917141643,-0.0486292336381653,-0.0957724122653707,0.0262981393913384,"LEMA","All","family","family"
"1503",0.862099671996464,0.204838751388009,-0.0635169351290921,-0.0747915645787118,0.0950928439723471,"LEMA","All","family","family"
"1504",0.85290362606125,-0.0500194679442536,-0.0302498391026795,0.0322316382620053,0.041334419389286,"LEMA","All","family","family"
"1505",0.855980255824543,0.0280513342759374,-0.0272390644365231,-0.0700925699065944,0.0320885091985429,"LEMA","All","family","family"
"1506",0.86031474393043,-0.00837289682209796,-0.0289570461473031,0.0376592405523458,0.0404338603283895,"LEMA","All","family","family"
"1507",0.854883010839999,-0.0294081959544547,-0.0451711002230789,0.0516886873096112,0.00954919802019508,"LEMA","All","family","family"
"1508",0.86194795864741,-0.0192300683559312,-0.0805963445145834,0.0187436251064748,0.029789592307777,"LEMA","All","family","family"
"1509",0.866521897278062,0.00724250028774542,-0.07913928595745,-0.0031210910186831,-0.002336614125151,"LEMA","All","family","family"
"1510",0.866497850000332,-0.143978423844766,-0.0854712233799317,-0.0924163036007915,0.0165434969287654,"LEMA","All","family","family"
"1511",0.860435572946099,0.20633478387584,-0.0108814404820999,-0.0389805132529707,0.00896126239377289,"LEMA","All","family","family"
"1512",0.87496371315029,0.0562140318404931,-0.0650663384169836,-0.0410021124598921,0.0209847167040662,"LEMA","All","family","family"
"1513",0.867947676433489,-0.00155064091857193,-0.077780139620988,-0.0271131747933677,-0.00729502886133937,"LEMA","All","family","family"
"1514",0.869317674578717,-0.00419460656142845,-0.00939831852378892,-0.119202713577974,0.0453205877590218,"LEMA","All","family","family"
"1515",0.859305503653834,-0.14851369205742,-0.044855281436146,-0.013995952772043,0.0746813521233944,"LEMA","All","family","family"
"1516",0.871817434929757,-0.294186121899535,-0.0667323745672437,-0.0213879950085456,0.0307915883898179,"LEMA","All","family","family"
"1517",0.866233668231648,-0.0820289927948665,-0.0246907494913458,-0.0506718854273328,0.0405155232185741,"LEMA","All","family","family"
"1518",0.831033104651597,0.148942338461282,0.058723824593079,0.0240352074363283,0.0876420000457806,"LEMA","All","family","family"
"1519",0.857587665372779,-0.104153276688525,-0.0182921141766139,0.0313917006553687,0.0799877563252024,"LEMA","All","family","family"
"1520",0.865123370419652,-0.0233047244046048,-0.0136037253945851,-0.0765805522362778,0.0228243069545957,"LEMA","All","family","family"
"1521",0.848444473449941,0.0608645954230609,0.0196934350390803,-0.0113739801602131,0.0514089712760267,"LEMA","All","family","family"
"1522",0.863974614660415,-0.00166613650687064,-0.0600429923689125,-0.0296699415823458,0.0352011884850281,"LEMA","All","family","family"
"1523",0.865065230733776,-0.0469367924104301,-0.0686289922677691,-0.00187685904548236,0.0178229221649315,"LEMA","All","family","family"
"1524",0.857111154847754,0.0401664288242303,-0.0146713649822321,-0.071903788583497,0.0618211162462696,"LEMA","All","family","family"
"1525",0.860259904530295,-0.0809855891551986,-0.01371176834702,-0.0573421471782585,0.00264625977707904,"LEMA","All","family","family"
"1526",0.863051826553976,-0.0281610302156631,-0.0869643115945464,-0.00903522824075164,-0.0091646108098036,"LEMA","All","family","family"
"1527",0.84549019518975,0.0460440539192513,0.00181020346621952,0.0726668198199202,0.0941283483658486,"LEMA","All","family","family"
"1528",0.86217921174554,0.0582274920823258,-0.00380743032513631,-0.00816758131247787,0.0264103461180722,"LEMA","All","family","family"
"1529",0.859222058168864,-0.0793337972827015,-0.0370838704240581,0.0877314137951064,0.0119667492471733,"LEMA","All","family","family"
"1530",0.864086722149959,0.145297304199833,-0.0175280673711463,-0.0289002025086047,-0.00579297190267825,"LEMA","All","family","family"
"1531",0.862384163534598,-0.0401697974328056,0.0159934721106954,-0.0160214872924503,-0.0712099550631473,"LEMA","All","family","family"
"1532",0.854970348544044,-0.0294225909493218,-0.0351771339920984,0.0122936977780187,0.00149978360329591,"LEMA","All","family","family"
"1533",0.865564861813339,-0.0483059187345998,-0.0431427007341343,-0.0765089470507721,-0.00527160683253072,"LEMA","All","family","family"
"1534",0.865368132081176,-0.235085807578202,-0.0389500659264369,-0.0760420833005271,0.0368965833138605,"LEMA","All","family","family"
"1535",0.857410554607484,-0.0485655783498095,-0.031150585447092,-0.0228713452558892,0.0602592332223763,"LEMA","All","family","family"
"1536",0.867594389584778,-0.076774810878569,-0.0861134691879522,0.0163519846244568,0.0720552059335417,"LEMA","All","family","family"
"1537",0.865550161072109,0.018843958617236,-0.0417153354399005,-0.0205196692302099,-0.0224650366758502,"LEMA","All","family","family"
"1538",0.869126926467862,0.0354823309836085,-0.0439848997830973,-0.10002442381297,0.00552969499555577,"LEMA","All","family","family"
"1539",0.86689058697589,-0.0845779687462951,-0.0558189377434285,-0.0198165174407282,0.0559870362024036,"LEMA","All","family","family"
"1540",0.862424966884086,-0.095655600175684,-0.0132621316755528,-0.0402280707264886,-0.0133089940147176,"LEMA","All","family","family"
"1541",0.854519351096464,-0.134628189216944,0.00359397254682392,-0.06931556187136,0.0716355387857554,"LEMA","All","family","family"
"1542",0.865616490837267,0.00732575173040417,-0.0983003623111772,-0.041574176028523,-0.0228560752844957,"LEMA","All","family","family"
"1543",0.863328514492303,-0.0979968525105371,-0.0914684674291473,-0.110102000698888,0.00887057187935996,"LEMA","All","family","family"
"1544",0.878066518971853,0.0109021147451074,-0.0958176406820251,-0.0265307034183374,-0.00471715575244428,"LEMA","All","family","family"
"1545",0.853589490333402,0.045080179715147,0.036197259769686,-0.126721646373668,0.0567281550424688,"LEMA","All","family","family"
"1546",0.866460711588814,0.138855446011147,-0.0615881023649324,-0.0917416909974971,0.021773828847473,"LEMA","All","family","family"
"1547",0.866446200932948,-0.138790501655477,-0.0462457851464103,-0.0237921943786094,0.057108456470821,"LEMA","All","family","family"
"1548",0.856181109749785,0.00314040142998939,-0.0455253537055209,-0.00141403415946441,0.0599493283731228,"LEMA","All","family","family"
"1549",0.861195425072817,-0.0372889397507596,-0.0531460171537194,-0.0377154136754067,0.01946706251937,"LEMA","All","family","family"
"1550",0.858291293375564,0.0412995181147569,-0.00271269366964799,-0.00734436993963786,0.0783617646383973,"LEMA","All","family","family"
"1551",0.840159915951438,-0.0296497136464926,0.0347721957149523,0.00870465259360045,0.0847320565734044,"LEMA","All","family","family"
"1552",0.86865631711457,-0.0812227551528076,-0.0227970600261689,-0.0931987227416879,0.0420540533241146,"LEMA","All","family","family"
"1553",0.865180928325784,-0.0158441149384569,-0.0298229760445629,-0.0890215445390925,0.0402948317306376,"LEMA","All","family","family"
"1554",0.844258662250514,-0.0491401614623422,0.0331864024744504,-0.0240318759682724,0.0225107498031118,"LEMA","All","family","family"
"1555",0.860779668613922,0.0279284143885505,0.0148971668589222,-0.105548317834308,0.0710839737964257,"LEMA","All","family","family"
"1556",0.869355683584902,-0.103231420139868,-0.0836245389220426,-0.122126325059462,0.0762843813328505,"LEMA","All","family","family"
"1557",0.865067327323707,-0.119128008404902,-0.0511357037326765,-0.0621295634046907,0.0154112464402994,"LEMA","All","family","family"
"1558",0.8670424947016,0.0750518460306047,-0.104598352010728,-0.0716142418725909,0.0297484663954022,"LEMA","All","family","family"
"1559",0.863389018254123,-0.132532133141759,-0.030896896952749,-0.0528898432251044,0.0763628362341587,"LEMA","All","family","family"
"1560",0.875966349467417,-0.132093710019335,-0.0594904004911674,-0.0818969177325724,0.0250935739300607,"LEMA","All","family","family"
"1561",0.866244102735814,-0.0154242956915075,-0.118881292700403,-0.0485722259377214,0.0279437397212353,"LEMA","All","family","family"
"1562",0.849509100363925,0.0121994325366634,-0.0260022458400527,0.0567171002909192,0.0776569621427383,"LEMA","All","family","family"
"1563",0.859172088013719,-0.121351570400669,-0.0180805681675452,-0.0630215687632846,0.0274857633065584,"LEMA","All","family","family"
"1564",0.857896731356878,0.0459084603354658,-0.0277500487849471,-0.0352955159076129,-0.0185692039181255,"LEMA","All","family","family"
"1565",0.852047191128094,-0.10498039127963,-0.0307075916511016,0.0577531648474243,0.0704436277125519,"LEMA","All","family","family"
"1566",0.868844136851315,-0.0397142734054908,-0.0313827934353544,-0.106360210925666,-0.0184948616022653,"LEMA","All","family","family"
"1567",0.872284332956775,0.064647790869288,-0.0459780000673143,-0.0910412843266204,0.0258691966053242,"LEMA","All","family","family"
"1568",0.868152325491884,-0.124484133689846,-0.0721173514771446,-0.139921126465252,0.00925156513332484,"LEMA","All","family","family"
"1569",0.866597611809702,-0.0227284909418218,-0.0298386879355876,-0.0777874365654447,-0.0399372015279086,"LEMA","All","family","family"
"1570",0.859461344316234,-0.0420717643926679,-0.0135907739010784,-0.0680176026503631,0.0911208235467084,"LEMA","All","family","family"
"1571",0.865357522128241,-0.0124616023666057,-0.0644714247119005,0.0652193438805665,0.0205656840041136,"LEMA","All","family","family"
"1572",0.865586358607957,0.0642426372226577,-0.0624151830201719,-0.00790338489293971,0.0278498846641241,"LEMA","All","family","family"
"1573",0.865495820601904,0.113313681813653,-0.0845417868894318,-0.0526815328291097,0.00517310524335584,"LEMA","All","family","family"
"1574",0.857620048691337,0.0477820062296064,-0.0597279717149634,-0.0714020895123519,0.0194344976016038,"LEMA","All","family","family"
"1575",0.84779299735502,-0.120003674586297,0.00187176068309358,-0.0642874725297574,0.0074473755039993,"LEMA","All","family","family"
"1576",0.860489148791147,-0.0699291908795168,-0.00562934238061852,-0.0310779086703362,0.0251207051543704,"LEMA","All","family","family"
"1577",0.859538586993635,0.000197856615161252,-0.0178807774211769,-0.0307265869611091,0.0694471496058371,"LEMA","All","family","family"
"1578",0.842286900144721,-0.149928360869038,0.064826216914023,-0.0369545798946974,0.0574096343416342,"LEMA","All","family","family"
"1579",0.859955931721839,-0.00702280262170873,-0.0411808070453615,-0.0454205905184486,0.035120219007517,"LEMA","All","family","family"
"1580",0.866721884875326,0.187664484816698,-0.0431197952586357,-0.0595840824819799,0.00160599637206428,"LEMA","All","family","family"
"1581",0.859645056524189,0.0387464831811934,-0.0185256882317066,-0.00246377687410427,0.0402253591209349,"LEMA","All","family","family"
"1582",0.86284753129369,0.041089775310468,0.00291247608883927,-0.0868941872643842,-0.00576669576700958,"LEMA","All","family","family"
"1583",0.847197842422419,0.0557733930267734,-0.00815674861241711,-0.0358544402953964,0.11102400013213,"LEMA","All","family","family"
"1584",0.870241527627279,-0.0683718144575372,-0.0506251102559933,-0.106915547687833,0.0224256890068296,"LEMA","All","family","family"
"1585",0.859497697185292,0.0802871244839594,-0.022930865814846,-0.115023487030754,0.0594182535412741,"LEMA","All","family","family"
"1586",0.858821317905287,-0.063047476049106,-0.0478238133626444,0.0287398747410596,0.0483097939320668,"LEMA","All","family","family"
"1587",0.874880003521491,0.0227260576731543,-0.0583085639467829,-0.169921269457293,0.0146449228158615,"LEMA","All","family","family"
"1588",0.844001499306935,-0.11221429269228,0.0194806889782442,0.00209445002682842,0.113990481888485,"LEMA","All","family","family"
"1589",0.849662742881489,0.0400979720540942,-0.0233810728035413,0.10564390488945,0.0226308736923825,"LEMA","All","family","family"
"1590",0.857218372392833,-0.0392146624594226,-0.0391613536023298,-0.116184375107904,0.0873039385464893,"LEMA","All","family","family"
"1591",0.860750428112842,-0.0424427773489624,0.0162852733513501,0.0408326328097276,-0.0462198363481302,"LEMA","All","family","family"
"1592",0.851086773786312,-0.096835035105724,0.0398435892653028,0.093590175505562,-0.021244248183567,"LEMA","All","family","family"
"1593",0.856045202322195,-0.0333489090084194,-0.0375915790183432,-0.0913706344274569,0.0304307449796919,"LEMA","All","family","family"
"1594",0.860213522739824,-0.0755102541503361,-0.0531968884829049,-0.0893543823856686,0.099213853724274,"LEMA","All","family","family"
"1595",0.863284549226539,-0.0222262275540638,-0.0237399991670872,-0.0923935812886843,0.036384716698123,"LEMA","All","family","family"
"1596",0.844967945466389,-0.00927390210667933,0.000567840839497125,-0.0450630378683743,0.0646041752750009,"LEMA","All","family","family"
"1597",0.862167195832316,0.0605851379141285,-0.0216727210788327,-0.0522278285149332,0.0245688988891271,"LEMA","All","family","family"
"1598",0.855417737709081,-0.0394732452323339,-0.0073889858680446,-0.0591019648765515,0.0501800673786964,"LEMA","All","family","family"
"1599",0.862280225497388,0.00652612393832808,-0.0537376847506561,-0.0946504527848778,-0.0227710858453494,"LEMA","All","family","family"
"1600",0.855629387922184,-0.155027568070819,0.0212810189635717,-0.0689313143490916,-0.0287858603882128,"LEMA","All","family","family"
"1601",0.862633929105237,0.0367817551075129,-0.0674955422888854,-0.0706328327372337,-0.0325158403665765,"LEMA","All","family","family"
"1602",0.863565504447339,0.0157237877914935,-0.0138591099688038,-0.0737978787385198,0.0386643469234128,"LEMA","All","family","family"
"1603",0.84126596968549,-0.0512901664181981,0.0560923042742181,-0.0457712319967166,0.102608652322871,"LEMA","All","family","family"
"1604",0.86301965705183,-0.0137008845935519,-0.037295433171976,-0.0490159919380276,-0.0320549909462329,"LEMA","All","family","family"
"1605",0.852466785394392,-0.0314304097942392,0.0314020747652748,-0.0745451928348463,0.0170342911088809,"LEMA","All","family","family"
"1606",0.86368603009181,-0.122645233003508,-0.0504331090208192,-0.0665970557066807,0.015031529030321,"LEMA","All","family","family"
"1607",0.865188867166249,-0.160305635928142,-0.0262170712511145,-0.0565704648153572,0.0335333466642721,"LEMA","All","family","family"
"1608",0.846402309591481,-0.0566920011922273,-0.0342567722483982,0.0501477771106676,0.0540019274700738,"LEMA","All","family","family"
"1609",0.85975249593278,-0.0069948007378865,-0.0484331358710984,-0.0235675218124125,-0.0187786722331392,"LEMA","All","family","family"
"1610",0.864229929109743,-0.1394379231678,0.00705886567383285,0.0062478531633366,-0.0479730866404743,"LEMA","All","family","family"
"1611",0.859401951910249,-0.122541552686146,-0.026251352810283,0.0212292986185668,0.0342734184552185,"LEMA","All","family","family"
"1612",0.867514670617806,-0.0198326755210849,-0.0519775009646471,-0.0792152018162873,0.0413459850834914,"LEMA","All","family","family"
"1613",0.86538819421455,-0.148618005768434,-0.0246308266708618,-0.107373079552761,-0.0187240680346361,"LEMA","All","family","family"
"1614",0.867015561086215,-0.185275627479455,-0.041534809658051,0.0627767629294189,0.0213022478790905,"LEMA","All","family","family"
"1615",0.861584447020547,-0.0817239833015034,0.0134032947593292,-0.067435597650304,-0.0316077981332461,"LEMA","All","family","family"
"1616",0.857506287420771,-0.0893649733705153,-0.00901499058151045,-0.0434213427383731,0.045678845776125,"LEMA","All","family","family"
"1617",0.868872248972158,-0.124325593878732,-0.0608387304639376,0.0384006900529215,-0.0250210725250077,"LEMA","All","family","family"
"1618",0.867378360514805,0.123560369716518,-0.095716150579306,-0.0560880219747558,-0.0122195463645026,"LEMA","All","family","family"
"1619",0.864445414384729,0.0729327050106379,-0.0783450803705259,-0.0789800289434301,0.0304218850517489,"LEMA","All","family","family"
"1620",0.860404423323964,-0.00735780138890474,-0.030104726108423,-0.0356596873300739,0.0204380587186618,"LEMA","All","family","family"
"1621",0.840363420330991,-0.0489762899482639,0.027910971322012,0.0380432991220122,0.0809521317830012,"LEMA","All","family","family"
"1622",0.862076130612233,0.00215419799326289,-0.0582665824599707,-0.0692440529683862,-0.00584447298141524,"LEMA","All","family","family"
"1623",0.854240713691981,-0.155992427690821,-0.0112587180249561,0.0246982615706624,-0.00854103574664631,"LEMA","All","family","family"
"1624",0.858475448171528,0.171945485880604,-0.010631294428589,-0.103924086240904,0.0276828444341598,"LEMA","All","family","family"
"1625",0.870027331397875,-0.0643067784001884,-0.0750679430529133,-0.0316526447035002,-0.0693905974503076,"LEMA","All","family","family"
"1626",0.850390780295505,-0.00568458253789261,0.0497155275851655,-0.0162330893873263,0.0144267228092526,"LEMA","All","family","family"
"1627",0.860884399850188,-0.040303077019062,-0.0203130456831813,0.0336554658724658,0.0290352011413406,"LEMA","All","family","family"
"1628",0.856723181076641,-0.0142322755524331,-0.0475599371868242,-0.026099695054945,0.0766792708046032,"LEMA","All","family","family"
"1629",0.865879416338675,0.0756051068635708,-0.0550882496697833,-0.0505446698332468,0.0499566178037645,"LEMA","All","family","family"
"1630",0.867544249415344,-0.0431538194999629,-0.0989666376481848,-0.0776227682654894,0.0409379070252864,"LEMA","All","family","family"
"1631",0.861495674684271,-0.0810033663720793,0.00303800519305852,-0.0956494639570022,0.00198657631011735,"LEMA","All","family","family"
"1632",0.858924539737385,0.0817925802042723,-0.0433636016036839,-0.0570430187161819,0.0348764688854701,"LEMA","All","family","family"
"1633",0.856931509829612,-0.057619018290258,0.021250914700204,-0.0026010709231561,0.00819263077310545,"LEMA","All","family","family"
"1634",0.853614495263381,0.085512143309969,-0.0214129308681328,-0.0931255488017145,-0.00453978699011135,"LEMA","All","family","family"
"1635",0.858070728779261,-0.0930705686542299,-0.0376896484764985,-0.0216208561147365,0.0436298351600157,"LEMA","All","family","family"
"1636",0.861174239645392,0.184068355021841,-0.0322808929401507,-0.113217946082931,0.01537576307797,"LEMA","All","family","family"
"1637",0.855625692165965,0.0909144967889939,-0.028623600602645,-0.0620998737224174,0.0292495908964107,"LEMA","All","family","family"
"1638",0.861790433265574,-0.311259572527605,-0.0490313731006429,-0.0234638226399895,0.0443072767034668,"LEMA","All","family","family"
"1639",0.8615094953572,-0.205289367887507,-0.00973883482249138,-0.0215430314750023,0.0166089109968054,"LEMA","All","family","family"
"1640",0.840954002549226,0.104355043306044,0.00599827551317023,-0.0351171437664311,0.0582334196412109,"LEMA","All","family","family"
"1641",0.871021662239747,-0.0538512142951868,-0.0853622921339288,-0.100253371722689,0.0589905071959186,"LEMA","All","family","family"
"1642",0.857888546403447,-0.000368652899731536,-0.0176976316675844,0.024759187195685,0.037932610535409,"LEMA","All","family","family"
"1643",0.867884009793765,-0.0474680913851749,-0.0390496826698769,-0.0990993019513493,0.000561494424170273,"LEMA","All","family","family"
"1644",0.861117067584409,-0.211907862639777,-0.0496716446931722,0.0348467356417006,0.0220429554619693,"LEMA","All","family","family"
"1645",0.865010522447885,-0.0220892353947114,-0.0562975896562259,-0.0810144012101404,-0.00117861258054228,"LEMA","All","family","family"
"1646",0.864545602231121,-0.0570235360448508,-0.0366462436296431,-0.0305689091386173,0.0574060446016824,"LEMA","All","family","family"
"1647",0.850516630475683,-0.0559894027734239,0.0389363911848724,-0.00970541438204954,0.0278101140027231,"LEMA","All","family","family"
"1648",0.852141801461476,-0.136112381439938,0.0334127591615272,-0.0798633807023691,0.0645456095127774,"LEMA","All","family","family"
"1649",0.862462604513106,-0.0280052732273737,-0.0341023332335507,-0.0389645113464687,0.011328741816302,"LEMA","All","family","family"
"1650",0.858915307030967,-0.00598796983016303,-0.014671435273337,-0.0659330996248683,-0.0179352045415614,"LEMA","All","family","family"
"1651",0.846890579130357,0.190791276815382,0.00518123892171629,-0.0532126804426483,0.0464086758893164,"LEMA","All","family","family"
"1652",0.857592374932536,0.0691081465322121,-0.0147872412029662,-0.0585136596853979,0.0644363366876431,"LEMA","All","family","family"
"1653",0.865841727320002,0.0138956139831343,-0.0623388883705546,-0.09903175558016,0.00380574908542031,"LEMA","All","family","family"
"1654",0.848036819900844,-0.0429994655890252,0.00151921129944221,-0.0172392420838187,0.0790789145683257,"LEMA","All","family","family"
"1655",0.862892674693949,-0.112625903357527,-0.070094867187527,-0.0309405607682765,-0.0270037733871975,"LEMA","All","family","family"
"1656",0.876592118195828,-0.250669529476387,-0.091243184848953,-0.0612585121214166,-0.0143222652533167,"LEMA","All","family","family"
"1657",0.855920361278509,0.129310998897847,0.00590814114834148,-0.0195457396322189,0.0204738639022795,"LEMA","All","family","family"
"1658",0.8596215070828,0.0340148580719031,-0.0289495366904439,0.00212604692273155,-0.0156267766889668,"LEMA","All","family","family"
"1659",0.862093840088118,0.0181707963069189,-0.0898841089075584,-0.0456502323445465,0.0867165810058589,"LEMA","All","family","family"
"1660",0.867707212071927,0.0399384235317883,-0.0719007887963641,-0.060613797631671,0.0514648040473243,"LEMA","All","family","family"
"1661",0.857334532374284,-0.0288237735442237,-0.0463507985156334,-0.139330222481652,-0.0104312835343777,"LEMA","All","family","family"
"1662",0.853511534193398,-0.121505062980683,0.00691499366217974,0.0701943580660142,0.0562061254661367,"LEMA","All","family","family"
"1663",0.865391371705606,-0.151807361165509,0.00889692460171343,0.014613126836082,-0.0518302024384085,"LEMA","All","family","family"
"1664",0.860815390279195,0.101541879780084,-0.0225226335364793,-0.123885885324215,0.0258719897294294,"LEMA","All","family","family"
"1665",0.863334477960302,0.00902690267735995,-0.0409943904282951,-0.143657172612707,0.0848504948811995,"LEMA","All","family","family"
"1666",0.872703495604879,-0.134113491153519,-0.082685945929419,0.0173674888690101,-0.0133242931665663,"LEMA","All","family","family"
"1667",0.869134335486665,-0.213120503269608,-0.0457147012880474,-0.0572935939583959,-0.00240500717988151,"LEMA","All","family","family"
"1668",0.852860467750734,-0.0325196413865609,-0.0276633404222462,0.00373496995629921,0.0950151502360713,"LEMA","All","family","family"
"1669",0.853865642635243,-0.0322700096665068,-0.0153613565198187,-0.0157661997445268,0.0726961046260999,"LEMA","All","family","family"
"1670",0.864964486795524,-0.119550613728032,-0.0639813926201825,-0.0122740444906025,-0.0262948609698201,"LEMA","All","family","family"
"1671",0.865841774428731,0.0206394826885412,-0.0497937769514872,-0.00753906389790879,0.0244442205100742,"LEMA","All","family","family"
"1672",0.872037879228651,-0.100373712012632,-0.120612824265244,-0.106828072862099,0.0342581890079154,"LEMA","All","family","family"
"1673",0.864514359911675,-0.152168412195332,-0.0700931677546252,-0.0129170263575174,0.035488561622328,"LEMA","All","family","family"
"1674",0.853936304401812,0.101949175137853,-0.0199702487656463,-0.0201298094043369,0.0062594151255505,"LEMA","All","family","family"
"1675",0.85709024917964,-0.10572685988804,-0.0642936629649681,-0.0884159687974037,0.08940918424408,"LEMA","All","family","family"
"1676",0.869721654946821,-0.130512909734723,-0.0563372133551462,0.0101191552762557,0.000584849076431944,"LEMA","All","family","family"
"1677",0.859110619168916,-0.0450161515308301,-0.0439606410139358,0.0249476053460034,0.00572110680431777,"LEMA","All","family","family"
"1678",0.877609847020313,-0.076744022460097,-0.0819386375264187,-0.137726028672578,-0.0375402676629047,"LEMA","All","family","family"
"1679",0.86992379393475,0.0827836824193029,-0.117829600476465,-0.0535709697429071,-0.0256742769613145,"LEMA","All","family","family"
"1680",0.869275115939802,-0.159661651937269,-0.025607643829557,-0.119051671283662,0.0145419153982484,"LEMA","All","family","family"
"1681",0.872214712175396,-0.0507823934913532,-0.0748611694520002,0.0111830963689385,-0.0442487339493076,"LEMA","All","family","family"
"1682",0.869242075987996,-0.0359879188877538,-0.0621516978832657,-0.0283666233371551,-0.00330781252509612,"LEMA","All","family","family"
"1683",0.870778274435173,-0.234673672026451,-0.0867939343619326,-0.0772353004972717,0.0106418017290642,"LEMA","All","family","family"
"1684",0.854637337446554,-0.11724020959938,-0.00673096471937185,0.00448009573126651,0.0299732868789826,"LEMA","All","family","family"
"1685",0.852611819191375,-0.0541645293582277,-0.0153685278066716,0.0146264835067588,0.070721706893376,"LEMA","All","family","family"
"1686",0.874828727766267,-0.0421304282889423,-0.0985558673011937,-0.0945740013106322,0.057985683220765,"LEMA","All","family","family"
"1687",0.869555113261492,-0.155174717175752,-0.0511924999001683,-0.0365192856070018,0.0103953832076114,"LEMA","All","family","family"
"1688",0.860294268922624,-0.118025964667721,-0.0216677399166416,-0.0620073256739148,0.0214757827913806,"LEMA","All","family","family"
"1689",0.865255929013884,-0.214795060476454,-0.0251836499444127,-0.0563802129705816,0.031935806342642,"LEMA","All","family","family"
"1690",0.860901501011725,-0.180639829127004,-0.0159653079338037,-0.0149582848085453,0.054280307897169,"LEMA","All","family","family"
"1691",0.85480697819861,-0.0785880600182253,-0.0143500989104505,-0.0219676785013675,0.0982008947148965,"LEMA","All","family","family"
"1692",0.871884309542995,-0.00345899438839103,-0.0662052019975604,-0.102037345480104,0.0260604290601171,"LEMA","All","family","family"
"1693",0.865161701199918,0.00115388499674363,-0.031970437810279,-0.0482402628234423,-0.0277060520237367,"LEMA","All","family","family"
"1694",0.852347109222267,0.0537989110100883,-0.0313414099162367,-0.0819472755971913,0.0487131522025911,"LEMA","All","family","family"
"1695",0.868590472342644,-0.129090702221545,-0.0680988046419783,-0.0317712108622153,0.0421190198070423,"LEMA","All","family","family"
"1696",0.876010124553752,0.0138543689736648,-0.0721946394156313,-0.116643973273769,-0.0187240816804664,"LEMA","All","family","family"
"1697",0.875258518372299,-0.113527821969328,-0.103435068877448,-0.0944772446874054,0.0348244759805202,"LEMA","All","family","family"
"1698",0.858266329700239,-0.189750534340193,0.0045375280969735,0.047913368122491,0.00193023360588927,"LEMA","All","family","family"
"1699",0.855916884744511,0.0375967684388763,-0.00523375960061112,-0.119902920800422,0.0674314807893572,"LEMA","All","family","family"
"1700",0.866520948042619,-0.193301869457574,-0.0681214830882253,-0.00862330178796487,0.0403493567076615,"LEMA","All","family","family"
"1701",0.867263423559332,0.0832935322161048,-0.0524928328426195,-0.0803813118996167,-0.0269522293180676,"LEMA","All","family","family"
"1702",0.850629020446753,0.0333321648210703,-0.0508828501459518,-0.0360140275380918,0.0348658039246088,"LEMA","All","family","family"
"1703",0.872457517096836,-0.0633341787910661,-0.0840729154251477,-0.0766378955283972,0.0276336256139828,"LEMA","All","family","family"
"1704",0.859084145733113,-0.0606933514751254,0.0032836837745438,0.00144732758517479,-0.0186315448888168,"LEMA","All","family","family"
"1705",0.853542267490403,0.082334560294977,0.0123238218103703,-0.0208129473625127,0.0781900545823596,"LEMA","All","family","family"
"1706",0.863517269406604,-0.093172121465549,-0.0216035442311219,-0.0970872888694595,0.0199103927668809,"LEMA","All","family","family"
"1707",0.873709170813936,-0.163352452438943,-0.0291836335387421,-0.0550006696455461,-0.00238457787340885,"LEMA","All","family","family"
"1708",0.858297995359556,0.0136705424529413,-0.0182726467333674,-0.131899366367921,0.0393307816707238,"LEMA","All","family","family"
"1709",0.878648432634927,-0.0437880301417913,-0.0925098288049419,-0.0776117079452117,-0.018182441483236,"LEMA","All","family","family"
"1710",0.870930475105134,-0.245758938285719,-0.0696573350763192,-0.0556041559895782,0.0480455540198185,"LEMA","All","family","family"
"1711",0.867878524594988,-0.049856121898607,-0.0411671738413966,-0.0415483573955346,-0.00560202894293292,"LEMA","All","family","family"
"1712",0.862585164314996,-0.142350063429231,-0.0529961114492327,0.0323646477215356,0.0173203755154709,"LEMA","All","family","family"
"1713",0.856456254514315,-0.117149019626802,-0.048617570488529,-0.0440362950326465,0.071753375831426,"LEMA","All","family","family"
"1714",0.852793993995776,0.0205688590241229,0.011270443561032,-0.0196256587962556,-0.0372131763046885,"LEMA","All","family","family"
"1715",0.854758116442484,0.0573119641988789,-0.0406315512351237,-0.0863212690442982,0.0857181503671565,"LEMA","All","family","family"
"1716",0.862078607852066,0.00548594756016518,-0.0289001391247239,-0.0437909993326589,0.030402938380786,"LEMA","All","family","family"
"1717",0.871684269761836,-0.110020458690294,-0.0282167593364118,-0.118309338807458,0.106351642590795,"LEMA","All","family","family"
"1718",0.883098327284386,0.137936454700131,-0.0969544905423771,-0.0477883967728657,-0.0528730422916068,"LEMA","All","family","family"
"1719",0.861866777559807,-0.299030837585226,-0.0670267937858298,-0.0509191318397964,0.0540634804515962,"LEMA","All","family","family"
"1720",0.871583567181834,0.0764883551174649,-0.0778453515770204,-0.100523337174886,0.022253930979225,"LEMA","All","family","family"
"1721",0.858979940934567,-0.0637844216681551,-0.0146780877005079,-0.00964091127022732,0.0367133234991736,"LEMA","All","family","family"
"1722",0.859560993742575,0.109913712941928,-0.0513514661293103,-0.0702886325884989,0.0148933994321122,"LEMA","All","family","family"
"1723",0.861592196349941,-0.125560477105923,-0.055291289685791,-0.0159036203991629,0.0627782430589722,"LEMA","All","family","family"
"1724",0.873445350940939,-0.0663887086494878,-0.0448057894871081,-0.0584568457344995,0.0306155721427165,"LEMA","All","family","family"
"1725",0.869673346619614,-0.146656572817411,-0.0418795767597114,-0.0695762490581907,0.0520847313328679,"LEMA","All","family","family"
"1726",0.861521781797861,0.0960354562508974,-0.0267232573278836,-0.0436812685669201,0.067043502816954,"LEMA","All","family","family"
"1727",0.868069720250539,-0.0663164544854006,-0.0679449531499625,-0.054328819242379,0.0339183788145976,"LEMA","All","family","family"
"1728",0.862713218704954,-0.0442183972319424,-0.0215957233795263,-0.0237257899646413,0.0159385592645307,"LEMA","All","family","family"
"1729",0.849367989417193,-0.271750209452404,0.00645407072015547,0.0259578927136009,0.105393079259944,"LEMA","All","family","family"
"1730",0.877434265544032,0.00390263257438317,-0.0719241202670891,-0.219342476033291,0.00652682108469872,"LEMA","All","family","family"
"1731",0.864037038256259,-0.0897082403903763,-0.0552429299101713,-0.0162491018077252,-0.0094063596532374,"LEMA","All","family","family"
"1732",0.855948365824837,-0.0429429998278292,-0.0174513034226021,-0.0441383159543883,0.0810218962319602,"LEMA","All","family","family"
"1733",0.854320357235216,-0.0766028436600168,-0.0256354789562162,-0.0128472867435407,0.018804697627703,"LEMA","All","family","family"
"1734",0.86295754207807,-0.111035127404591,-0.0196013633577607,-0.0333263804746273,0.0100551323395251,"LEMA","All","family","family"
"1735",0.8576079940302,0.0033519666513433,-0.0583318107627092,-0.00916659877673249,0.0577071806958781,"LEMA","All","family","family"
"1736",0.873658430417577,-0.204972071193452,-0.0769507890096829,-0.0549354470062782,0.0222070122897863,"LEMA","All","family","family"
"1737",0.863522014359273,-0.0833389331580111,-0.0634547444638878,-0.111865093884381,0.00452062962774166,"LEMA","All","family","family"
"1738",0.841564993174836,-0.0488617660018839,0.0280449924268444,0.072123482647188,0.0684365252176116,"LEMA","All","family","family"
"1739",0.863888179860376,-0.12273305723476,-0.027059017977545,0.0096716906155029,0.0907570853264921,"LEMA","All","family","family"
"1740",0.85677669651264,0.00903687708335443,-0.0093858324253715,-0.0960657498587493,0.0310726719321667,"LEMA","All","family","family"
"1741",0.856171656563288,-0.0851470962545092,0.0167886374100115,0.089871622404188,0.0200340588227668,"LEMA","All","family","family"
"1742",0.863212753098153,0.000857777772868662,-0.052132748706761,0.00379263156056337,0.0159033012086947,"LEMA","All","family","family"
"1743",0.88233565851485,0.0468601915344693,-0.156041898419926,-0.0477741727224253,-0.0149945702484134,"LEMA","All","family","family"
"1744",0.872478081271094,0.00588885896673896,-0.0761442115122645,-0.0605949073504937,0.0241757315422586,"LEMA","All","family","family"
"1745",0.85912396335952,0.0135241627875318,-0.0283831988291839,-0.105363270002649,0.0468650742126562,"LEMA","All","family","family"
"1746",0.86288909334386,0.0550435188742255,-0.0161718935080065,-0.0484070093835763,0.0268111481830776,"LEMA","All","family","family"
"1747",0.843274715093754,0.0747880499163198,0.048126699567004,-0.0835321448379584,0.0498952336782848,"LEMA","All","family","family"
"1748",0.855858515426832,-0.0785013554422327,-0.0306278186410127,-0.0240410890136593,0.0264215382432177,"LEMA","All","family","family"
"1749",0.870631568017318,-0.14282812060771,-0.0380817487975706,0.0229239054038292,-0.0137235831168686,"LEMA","All","family","family"
"1750",0.848372205732022,0.0110412998886384,-0.0131052243264306,-0.012506168453887,0.0645866206943607,"LEMA","All","family","family"
"1751",0.864101970087311,-0.0360648336867363,-0.0357709861325964,-0.0459172875229203,0.000266965997950281,"LEMA","All","family","family"
"1752",0.841422770948671,-0.106658218818444,0.0812762942145659,-0.0268073478159387,0.0583703258892173,"LEMA","All","family","family"
"1753",0.869789187256893,-0.0529465707224847,-0.060636378504902,-0.0650353415228073,-0.032459073542859,"LEMA","All","family","family"
"1754",0.867395863447959,-0.21447232384163,-0.0598769876117488,-0.0380409745307805,0.0659341660837797,"LEMA","All","family","family"
"1755",0.862101628615636,0.0434452468743431,-0.0690444018598579,-0.0789474309459974,0.0366511399912062,"LEMA","All","family","family"
"1756",0.856586770874986,-0.0335598596471203,-0.0275081272568591,-0.0373226355511538,0.0752052902229284,"LEMA","All","family","family"
"1757",0.852841460768409,0.197341688575128,-0.0432513109018539,-0.0445128954573426,0.0328882127984334,"LEMA","All","family","family"
"1758",0.841433145980559,0.0515780356555673,0.0656765030160518,-0.0830640234538077,0.102526669894971,"LEMA","All","family","family"
"1759",0.869867825955834,-0.147166011285745,-0.0461598132272127,-0.0275226091776685,0.0300424679770148,"LEMA","All","family","family"
"1760",0.858919145138566,0.0817018393729967,-0.0128850197060704,-0.0710450340824257,0.0721140346331808,"LEMA","All","family","family"
"1761",0.86314200596747,-0.166670888319852,-0.051961971404752,-0.00739922603391163,0.000602984741591752,"LEMA","All","family","family"
"1762",0.852421700049994,-0.162871353824438,0.00844763731172216,0.0544393661761976,0.0289795497423903,"LEMA","All","family","family"
"1763",0.847546105981055,-0.0155630545686642,0.00487236105206912,0.0359375862545034,0.0549133120155888,"LEMA","All","family","family"
"1764",0.864690197621236,0.0452138226703254,-0.0115234838998913,-0.0827812590060372,-0.000608549747306246,"LEMA","All","family","family"
"1765",0.85113565802306,-0.150519892251652,0.0503340254842082,0.0824255738865219,0.0395013549543495,"LEMA","All","family","family"
"1766",0.864790831902599,-0.0882905471190044,-0.00848464104842905,-0.0206242263357485,0.0106280208135951,"LEMA","All","family","family"
"1767",0.864703103976715,0.000542041211538224,0.0192022262017915,-0.0714181972629631,0.0147141626883713,"LEMA","All","family","family"
"1768",0.851049768247629,-0.143821522090101,0.0341885670335613,0.0169656074498212,0.0356792347628673,"LEMA","All","family","family"
"1769",0.86840166785005,-0.000586065549274872,-0.00288897301068258,-0.0509889284460811,-0.00145797909750884,"LEMA","All","family","family"
"1770",0.852836916795922,-0.0256964967073706,-0.0309125793544148,-0.0320716845529168,0.11574442785615,"LEMA","All","family","family"
"1771",0.850774210883626,-0.000253204791340722,-0.00334531232705992,-0.0509140456410336,0.0593246706186783,"LEMA","All","family","family"
"1772",0.853059605659724,-0.278020097454303,0.0172331596574709,-0.031592429392471,0.00139824400704533,"LEMA","All","family","family"
"1773",0.866549282046238,-0.0338713882295749,-0.0250616386612652,-0.0418093296794769,0.0330079917789246,"LEMA","All","family","family"
"1774",0.866099577037729,-0.120411522169531,-0.042500382265652,0.0525994083471113,0.0226576453374006,"LEMA","All","family","family"
"1775",0.863521485275573,0.0574380655111553,-0.0277540772812955,-0.0334249451213773,-0.0298521066504953,"LEMA","All","family","family"
"1776",0.855073395587342,0.0140180501170406,0.0117735638510934,-0.0188638230394355,0.0314659635247534,"LEMA","All","family","family"
"1777",0.881762934913939,0.0113860675639232,-0.146944261589751,-0.045523852157213,-0.0399729623427312,"LEMA","All","family","family"
"1778",0.865345953256062,-0.0277138575714686,-0.040364075551227,-0.0298808287624878,-0.00200087858025189,"LEMA","All","family","family"
"1779",0.858209972521549,-0.0545902677668988,-0.00425079038947285,-0.0539569011200442,0.00891629360204054,"LEMA","All","family","family"
"1780",0.868652968126697,-0.0446579726652795,-0.108343207811422,-0.0983757914324484,0.0689843711336097,"LEMA","All","family","family"
"1781",0.854224149677374,-0.132729395744936,-0.0186407135245937,0.00210038832999759,0.0178802977481013,"LEMA","All","family","family"
"1782",0.854534542990615,-0.15083481636506,-0.0367571434752577,0.000873841092924165,0.0431237360383103,"LEMA","All","family","family"
"1783",0.866547650128832,-0.107249484554482,-0.0693886280782665,-0.0844103268481508,0.031431928128001,"LEMA","All","family","family"
"1784",0.863802240751451,-0.0968280890610521,-0.0156962570950844,-0.0562012224972477,0.0259310625688023,"LEMA","All","family","family"
"1785",0.861696361496932,-0.00652442667725861,-0.0607659278721479,-0.0695108333257022,0.00491691808840942,"LEMA","All","family","family"
"1786",0.855466301175071,-0.162247915673277,0.0186928540493221,-0.00354386750395661,0.0113219505966677,"LEMA","All","family","family"
"1787",0.869367515864461,0.0598181192629903,-0.0392616319925129,-0.0956531340586535,0.00164574277138691,"LEMA","All","family","family"
"1788",0.850956029002663,0.0450304358492171,-0.0283965180919167,0.0536185383852634,0.0150748147074203,"LEMA","All","family","family"
"1789",0.869247234669407,-0.13183482935337,-0.010557105593792,-0.0177200296328488,-0.0508531717803375,"LEMA","All","family","family"
"1790",0.851391932049307,0.184298811750747,-0.0105529465716599,-0.0160310059671753,0.0555672624308094,"LEMA","All","family","family"
"1791",0.855121567510026,-0.0985652745753863,-0.0563001655098317,-0.0769628853285265,0.100425300035295,"LEMA","All","family","family"
"1792",0.857997939235667,0.0389685947331413,-0.0113278193453911,-0.152426351116927,0.0302763178890163,"LEMA","All","family","family"
"1793",0.852861392712232,0.040435369494275,-0.0193760856229748,0.0192046310537766,0.00548266094010563,"LEMA","All","family","family"
"1794",0.854341454391753,-0.11920210360061,0.000957639996819193,-0.135806711894477,0.0213838648323023,"LEMA","All","family","family"
"1795",0.874729218540122,-0.14017529894264,-0.0872311367992433,-0.10916475450782,-0.00802559358181149,"LEMA","All","family","family"
"1796",0.869504938650347,-0.0759425711376056,-0.0325126019053618,-0.0489583988981581,0.0400889600175019,"LEMA","All","family","family"
"1797",0.861970044158569,0.0176812383645801,-0.0477787339212424,-0.0244944492982891,-0.00652430726288969,"LEMA","All","family","family"
"1798",0.874513010036468,-0.0409917286145582,-0.0829433703839022,-0.049115878129846,-0.0197590847758528,"LEMA","All","family","family"
"1799",0.874400487179493,0.0310061903069065,-0.0511678442595009,-0.0617400003045493,-0.0298159058077165,"LEMA","All","family","family"
"1800",0.871198539091343,-0.030613072100388,-0.0290505044198831,-0.057206165716177,-0.0181460732993785,"LEMA","All","family","family"
"1801",0.852592598303285,-0.0242341282693354,-0.0106542483458322,0.000922079260779377,-0.00487082505120069,"LEMA","All","family","family"
"1802",0.854056782977613,0.175225009907233,-0.0210988795363831,-0.0510213476280551,0.0230782312854762,"LEMA","All","family","family"
"1803",0.88023125641199,-0.00759020307790337,-0.111262020649082,-0.0629954143355629,-0.00290917503871462,"LEMA","All","family","family"
"1804",0.851937784369155,-0.0626780769116357,-0.0118308006423729,-0.011847469211088,-0.00983373664589781,"LEMA","All","family","family"
"1805",0.879949044942905,-0.0379084667139432,-0.0884358009526535,-0.0674022013076484,0.00159771185039688,"LEMA","All","family","family"
"1806",0.852934686218058,-0.0388385705297002,-0.025515439030239,0.0112612458483695,0.0554094889812559,"LEMA","All","family","family"
"1807",0.847684003920836,-0.148590162986285,0.0224843890461863,-0.0493127871296377,0.0426458677539081,"LEMA","All","family","family"
"1808",0.846084782544202,-0.101622219933015,0.0284316052651514,0.00189340504178146,0.0622541067151474,"LEMA","All","family","family"
"1809",0.865410363885422,-0.0700403766217274,-0.0561055616835469,-0.0520204370143847,0.0184067580897536,"LEMA","All","family","family"
"1810",0.849595910662054,0.101393321707385,-0.0135088161478837,-0.0194759453698685,0.0632530306132491,"LEMA","All","family","family"
"1811",0.861602206594731,-0.248806104453019,-0.0403167804578789,-0.0187035184838486,0.0244834402878506,"LEMA","All","family","family"
"1812",0.865636822212341,0.156221124510406,-0.000225012410071113,-0.111304039062247,-0.017329769425727,"LEMA","All","family","family"
"1813",0.860857585542535,0.0960012132290113,-0.0516832785387566,-0.0224546560694706,-0.0320593866898784,"LEMA","All","family","family"
"1814",0.868284520624176,-0.118109516868081,-0.063944844873841,0.0692342957774318,-0.0207607501535326,"LEMA","All","family","family"
"1815",0.866018267442195,0.0980044723692965,-0.0366208099049813,0.0137086343141093,-0.0556427986985997,"LEMA","All","family","family"
"1816",0.853646833487269,-0.0997289393349555,0.00208759690842131,0.0433843908881592,0.0185763170236061,"LEMA","All","family","family"
"1817",0.862591444269384,0.106833216571018,-0.0200701740507264,-0.0659362705635545,0.0386301890060403,"LEMA","All","family","family"
"1818",0.869244937314227,0.0139034067265158,-0.0259596509595665,-0.100730795089559,0.0174152200774128,"LEMA","All","family","family"
"1819",0.867085205514459,-0.113522192181387,-0.0744547140489762,-0.0593804355791372,0.0543569932183237,"LEMA","All","family","family"
"1820",0.860739039528981,-0.195555546383862,0.00137812074630261,-0.118296043137026,0.0278432335441276,"LEMA","All","family","family"
"1821",0.859073427605852,-0.143887264427095,-0.0532614458187398,-0.133684306467126,0.0909709502270316,"LEMA","All","family","family"
"1822",0.859750576354168,0.0201372140484497,-0.0398362225532484,-0.102369044748259,0.0480333386678593,"LEMA","All","family","family"
"1823",0.866268311789445,-0.176202550528202,-0.0149581744348973,-0.13470137306131,0.0726365057473487,"LEMA","All","family","family"
"1824",0.851426867487428,-0.0130588740045038,-0.0221930280707312,-0.0490411505576217,0.0515485080109033,"LEMA","All","family","family"
"1825",0.887052577143371,-0.161462630500826,-0.105717062253904,-0.120487994426114,-0.0369433490961196,"LEMA","All","family","family"
"1826",0.86196197380566,-0.173610125690623,-0.012930752034497,-0.00359737893854133,0.0230273367715644,"LEMA","All","family","family"
"1827",0.852686709078887,-0.0621280056602157,0.0481467930292385,-0.0192098596868757,0.00392597744524207,"LEMA","All","family","family"
"1828",0.863210988659856,-0.156518436294632,-0.0747916593456374,-0.0970458380283808,0.0355760053364933,"LEMA","All","family","family"
"1829",0.865948420745836,-0.0534464345308033,-0.0223405437523406,-0.0221379555800962,-0.0148685477190137,"LEMA","All","family","family"
"1830",0.861697996984768,-0.0148848943209078,-0.000788248408667425,-0.00828495163430531,0.00309373171521393,"LEMA","All","family","family"
"1831",0.855969599383769,-0.0312348082831536,-0.0246037209934989,-0.0257890152869545,0.0082427093974042,"LEMA","All","family","family"
"1832",0.852039431432535,-0.0329349389118206,-0.00365389709403074,-0.110183725259358,0.0171122322057844,"LEMA","All","family","family"
"1833",0.867931098398398,-0.151303871769125,-0.0552747845452469,-0.0419355443007554,-0.00264737654972091,"LEMA","All","family","family"
"1834",0.851805535313592,0.0643964666462011,0.00610357041869691,0.0373514977179152,0.039964197603926,"LEMA","All","family","family"
"1835",0.879292755396876,-0.00401758818558717,-0.0938870335781308,-0.150172073447592,-0.004804339602385,"LEMA","All","family","family"
"1836",0.864574628737231,-0.180458565468113,0.0145750763541792,-0.0648903504806619,0.00578714147175295,"LEMA","All","family","family"
"1837",0.866786990418633,-0.0648532208725394,-0.0118273901942592,0.0199490806281968,-0.0105950700906936,"LEMA","All","family","family"
"1838",0.855621333509982,0.0605614300105124,0.0270748822126787,0.0372667918149256,0.0419395733112305,"LEMA","All","family","family"
"1839",0.874864576447144,-0.0335596648437514,-0.0646103622696428,-0.0805516358941779,-0.0198162934869226,"LEMA","All","family","family"
"1840",0.839846107559558,0.170494335605573,0.0309405253764989,0.0326592758642742,0.0459818699596854,"LEMA","All","family","family"
"1841",0.884526898683324,-0.27875753702597,-0.0814707916470423,-0.0836070737457294,0.0108442263316591,"LEMA","All","family","family"
"1842",0.862851885765726,0.0276122304052511,-0.0161984271158478,-0.105768880852377,0.0510351206396414,"LEMA","All","family","family"
"1843",0.855634024086481,-0.137402323586844,-0.0495230052479069,0.0237492450420268,0.04110550131318,"LEMA","All","family","family"
"1844",0.841059362495495,-0.186168843221676,0.0270492707799808,0.0182696363023513,0.0557968823345895,"LEMA","All","family","family"
"1845",0.866515325884346,-0.15078671655804,-0.0654691994995081,-0.0106509262814162,-0.0181127574761543,"LEMA","All","family","family"
"1846",0.866915979961153,0.151856982620282,-0.0667240435383204,-0.0715720404361237,0.00739661479448049,"LEMA","All","family","family"
"1847",0.864397706303947,-0.0062533582402019,-0.0463704432029518,-0.0132077625380745,0.0298179716883252,"LEMA","All","family","family"
"1848",0.868292711039246,-0.0612065123800267,-0.0521022858354104,-0.152561839310293,0.0367316799095489,"LEMA","All","family","family"
"1849",0.866061362225247,0.0686184043057814,-0.0309407469456525,-0.112422531838662,0.0258580350582054,"LEMA","All","family","family"
"1850",0.86214103109129,-0.0903871105830027,-0.0462109451302509,0.0314789063489269,0.0284977956587893,"LEMA","All","family","family"
"1851",0.858867048577208,-0.00470080495730996,-0.00573399238864081,-0.0386838751411586,0.0694024852467891,"LEMA","All","family","family"
"1852",0.859055231300689,-0.0213207522517411,-0.0353876989578731,-0.0952750538248763,0.00710978111495175,"LEMA","All","family","family"
"1853",0.856907204696328,0.0481747131094752,0.0203436736605105,-0.0344051033165071,-0.0156423882253539,"LEMA","All","family","family"
"1854",0.861992716010803,0.000657434203552798,-0.0208290586843409,-0.0551947027129983,-0.040071276898097,"LEMA","All","family","family"
"1855",0.880076375724693,-0.128830001587794,-0.107873341412832,0.0266250926878483,-0.0394048699066913,"LEMA","All","family","family"
"1856",0.87417641495742,-0.0793999129255049,-0.0950862634535139,-0.0941320192818264,0.0189483586985177,"LEMA","All","family","family"
"1857",0.876504799433931,-0.164185820985637,-0.0672821138008582,-0.134441933773588,-0.00390633500523963,"LEMA","All","family","family"
"1858",0.864771796497294,0.0550880699065934,-0.0291655018677991,0.0151520559189725,-0.00450219257420951,"LEMA","All","family","family"
"1859",0.859645468524479,-0.237160071035759,-0.0502519865309018,0.028987937468414,0.0100986767070287,"LEMA","All","family","family"
"1860",0.869949853593276,-0.114574779244286,-0.0441766384142361,-0.0198721052044483,0.0129326144445761,"LEMA","All","family","family"
"1861",0.852736228646829,-0.0965464411323399,0.020924560964523,0.0281304734287372,0.00247356923963066,"LEMA","All","family","family"
"1862",0.872758125866428,-0.0190932205953287,-0.067134533810405,-0.0639717889648135,0.0258041717303763,"LEMA","All","family","family"
"1863",0.851725968437798,-0.116755311090657,0.0227397414675352,0.0341538723195501,-0.00422386267983511,"LEMA","All","family","family"
"1864",0.87264892151788,0.0759221183761014,-0.0710482958298759,-0.0725412435585488,-0.0212193350714834,"LEMA","All","family","family"
"1865",0.860235417632159,-0.210221028684849,-0.0445056633260067,0.0276619215837526,0.00759016069576393,"LEMA","All","family","family"
"1866",0.855166178261035,-0.112649859675363,-0.00637801702138818,0.0549290294581576,0.0269825087603754,"LEMA","All","family","family"
"1867",0.863706944346238,-0.020413213754005,-0.0623470783433536,-0.127543244330305,0.00153487641027864,"LEMA","All","family","family"
"1868",0.864220737824727,-0.0367661868857909,-0.103109411707261,0.0389341359395409,0.0650324842461785,"LEMA","All","family","family"
"1869",0.863892774169438,0.12165871807502,-0.0568967279961873,0.00418121423129777,0.0453698083769392,"LEMA","All","family","family"
"1870",0.863784020524699,-0.150241755827344,-0.0156886335849762,-0.118813574150545,0.0604248267487846,"LEMA","All","family","family"
"1871",0.854239328407932,-0.0481127059161939,0.00193107230683576,0.0128141921834725,0.0630462225447379,"LEMA","All","family","family"
"1872",0.870513070287095,-0.117188957094374,-0.0560242969054477,-0.0739719296719547,0.0390009440409212,"LEMA","All","family","family"
"1873",0.855476793228587,0.0635390226020396,-0.01408366376048,-0.126934546663484,0.0369379655482267,"LEMA","All","family","family"
"1874",0.84853409869338,-0.168964555178262,0.0146275360045267,-0.027223303938122,0.0378693223022869,"LEMA","All","family","family"
"1875",0.86087251555929,-0.0978257176073328,-0.0583581623363697,-0.0822045694765014,0.0868517536886066,"LEMA","All","family","family"
"1876",0.877295504527964,-0.112743307765388,-0.104533706233637,-0.113911260335009,0.0546155101984345,"LEMA","All","family","family"
"1877",0.867036700152605,0.0642013829467811,-0.0217859575747584,-0.0622437631384321,0.0620960456639785,"LEMA","All","family","family"
"1878",0.877509421735071,-0.0944703124069208,-0.0758059203075353,-0.106750783252337,0.0200771808981218,"LEMA","All","family","family"
"1879",0.86036697288731,0.00190435409349465,-0.0764648989850817,-0.117734046406081,0.0305927512262293,"LEMA","All","family","family"
"1880",0.868176269686462,-0.0197564796228382,-0.0800630356856816,-0.0289842312178532,0.0226168396679124,"LEMA","All","family","family"
"1881",0.873933197835207,-0.00394699742633964,-0.0584032845234654,-0.137682347337116,-0.0469580665683102,"LEMA","All","family","family"
"1882",0.862394432742409,-0.0277316832297808,-0.0488818341506699,-0.0442459617442297,0.0423813737854702,"LEMA","All","family","family"
"1883",0.863751684282421,0.00563441282299881,-0.0355113566602687,0.0146298040631494,-0.0408761967448469,"LEMA","All","family","family"
"1884",0.867812769827851,0.0571551002739932,-0.0966197944954629,-0.0972055656120926,0.0197003557442134,"LEMA","All","family","family"
"1885",0.855013231605759,0.015940062577507,0.019227972354118,-0.0698003184279501,0.0527362148091448,"LEMA","All","family","family"
"1886",0.863297855626849,-0.0447046898240576,-0.00509061300581704,-0.0535973579480882,0.0553562707777439,"LEMA","All","family","family"
"1887",0.860231729634012,-0.0471166999445117,-0.0385530534847478,-0.111611400005698,0.0964966475916684,"LEMA","All","family","family"
"1888",0.871691421881306,-0.0934722122571175,-0.0299060624846312,-0.0355707291286182,0.0361424350051553,"LEMA","All","family","family"
"1889",0.875277112671312,-0.0713828985314597,-0.0952418926725367,-0.0591553621179064,-0.0169617376083072,"LEMA","All","family","family"
"1890",0.867387262868594,-0.226026976792136,-0.0362299743197838,-0.0937468202906812,0.0447444167674679,"LEMA","All","family","family"
"1891",0.877389308522627,-0.104364659788605,-0.075166023477669,-0.0832985741017839,0.0493623875348736,"LEMA","All","family","family"
"1892",0.875395863547121,-0.121910828827958,-0.0603378519069179,-0.0433607091922281,-0.0417381875032106,"LEMA","All","family","family"
"1893",0.864587699598339,-0.12036262482755,-0.00825078167588578,-0.0438472246437222,0.0534141024535483,"LEMA","All","family","family"
"1894",0.863144111154527,-0.189069990078959,-0.0699183610296684,-0.110901371128268,0.0743020756395632,"LEMA","All","family","family"
"1895",0.851838182309918,-0.0171951358316382,-0.0111876011471485,-0.0131999627054456,0.0196121988007622,"LEMA","All","family","family"
"1896",0.865851344996139,-0.0350289835167386,-0.0365485389456481,-0.0397135700128895,-0.004051025690625,"LEMA","All","family","family"
"1897",0.862280036289583,0.0286471563008366,-0.00811918847259407,-0.0436994972830057,0.00157161252851034,"LEMA","All","family","family"
"1898",0.852669536404246,0.0814778392990507,0.00770655413079901,0.0551762966331151,0.0404885950266566,"LEMA","All","family","family"
"1899",0.868434626439121,-0.0460658029416572,-0.038206318051595,-0.0642277508149151,0.0547416676845211,"LEMA","All","family","family"
"1900",0.863776791133423,-0.154350606474173,-0.0653115441979368,-0.00976525236426759,-0.035772770173857,"LEMA","All","family","family"
"1901",0.860675695871014,-0.186083728024817,-0.0505683558950372,-0.00091587468014321,0.000838472614120604,"LEMA","All","family","family"
"1902",0.867949872902233,-0.109849446606549,-0.0923593364320366,-0.0525783976283351,-0.0242726356673534,"LEMA","All","family","family"
"1903",0.85097806234696,-0.100729002411799,-0.0152433593555714,0.0173372734421353,0.0664806489478316,"LEMA","All","family","family"
"1904",0.873872897969585,-0.0477821687472741,-0.113471524164864,-0.077645301155102,-0.000810480949877892,"LEMA","All","family","family"
"1905",0.859173163116892,-0.135962844250536,-0.0453966449982817,0.0121083570100456,0.026766492317345,"LEMA","All","family","family"
"1906",0.872768329900233,-0.126559345955046,-0.0521481970443775,-0.0605622938886938,-0.0103729969696666,"LEMA","All","family","family"
"1907",0.873510804207822,-0.0784522291381826,-0.0879227578301602,-0.152332975540161,0.0141804877421826,"LEMA","All","family","family"
"1908",0.868658859840867,-0.251275548196313,-0.0577203075327792,-0.0327795836930706,0.0182745884330075,"LEMA","All","family","family"
"1909",0.860212924174213,0.0345500904431313,-0.0400149779932056,-0.111019024223009,0.058083005317156,"LEMA","All","family","family"
"1910",0.863458910379147,0.0181517834909377,-0.0224377790661205,-0.134214795200716,0.0255137824594381,"LEMA","All","family","family"
"1911",0.848228359222427,-0.150784754345526,-0.0101580352201216,-0.00694991723214442,0.00222042016200865,"LEMA","All","family","family"
"1912",0.867537465745476,-0.115532199287234,-0.0815940702378383,-0.0640820271113804,-0.015071001710639,"LEMA","All","family","family"
"1913",0.852974184061524,-0.0476122194788893,-0.0116256960805539,-0.103636202642715,0.0892938701075335,"LEMA","All","family","family"
"1914",0.860883942002082,0.0119705037204338,-0.038099933178509,0.00360749695544244,0.0167680474588234,"LEMA","All","family","family"
"1915",0.875560673716105,-0.135287495483916,-0.0903925844201788,-0.064609234613825,0.00488885003556487,"LEMA","All","family","family"
"1916",0.853301293712161,-0.140115159119281,-0.0292169773748282,-0.0603779451892668,0.0493530247852329,"LEMA","All","family","family"
"1917",0.85632389837635,-0.0501621004678293,-0.0273560063393689,-0.0258620690417514,0.0715739755129212,"LEMA","All","family","family"
"1918",0.872644556338768,-0.122154335841016,-0.0550283587528401,-0.0522536932328697,0.0217547606296334,"LEMA","All","family","family"
"1919",0.867652756603469,0.053193901482766,-0.0195672626000067,-0.0622099623683901,0.0586864059884364,"LEMA","All","family","family"
"1920",0.865456974489914,-0.0012145386180904,-0.0535119445151705,0.00314108300119952,-0.0177928111182771,"LEMA","All","family","family"
"1921",0.870519919017653,-0.0900211970346001,-0.057004555701019,-0.0555584313619765,0.0146743998257634,"LEMA","All","family","family"
"1922",0.858665712752818,-0.0419300727373572,0.0107012404671432,-0.00971283384222055,0.0300077762343303,"LEMA","All","family","family"
"1923",0.857242180428661,-0.0766227718261705,-0.032306714601971,0.0464980109173596,0.0531154122763127,"LEMA","All","family","family"
"1924",0.865518195279267,-0.118271118563887,-0.0633054586054771,-0.0495758748104423,0.0690640521224799,"LEMA","All","family","family"
"1925",0.870428955763453,-0.167757776958174,-0.080253907997924,-0.0151801589920017,0.0307661194389872,"LEMA","All","family","family"
"1926",0.856358938751132,0.0885729671439996,-0.0304785977702271,-0.0168100043867214,0.0640477361975787,"LEMA","All","family","family"
"1927",0.865977204609414,-0.0161828933339406,-0.084262854613121,-0.0841011927222673,0.0912303356837114,"LEMA","All","family","family"
"1928",0.860441921178955,-0.0612943098808271,-0.0534716722253566,-0.0237979394650901,0.0127415815857102,"LEMA","All","family","family"
"1929",0.860020039220178,-0.015803490432977,-0.00866176052251355,-0.0331585538023002,0.0440381203594634,"LEMA","All","family","family"
"1930",0.863384474997283,-0.124924418306709,-0.0284241356497039,-0.0231906002926688,0.0300089165830079,"LEMA","All","family","family"
"1931",0.853091821618637,-0.0102294057169445,-0.0360812564200425,-0.0273936845626307,0.0321629188514525,"LEMA","All","family","family"
"1932",0.857943050356315,-0.000108820989490499,-0.0469141038418025,-0.0729019294009868,0.0728354948196147,"LEMA","All","family","family"
"1933",0.863473221599995,-0.160714293478576,0.0202062063572768,-0.0505584640674206,0.0184754292712444,"LEMA","All","family","family"
"1934",0.862744984949362,0.128525730400897,-0.0688118758677382,-0.094792621068658,-0.0160072356190498,"LEMA","All","family","family"
"1935",0.872476190784499,-0.102540632826389,-0.056880140902701,-0.143124751991747,-0.0275793027845602,"LEMA","All","family","family"
"1936",0.862422342904994,0.00309034440549549,-0.00889974128283844,-0.0477867044015401,0.0591000051025149,"LEMA","All","family","family"
"1937",0.861117010013312,-0.101219734265916,-0.0119099046239015,-0.0304388551982802,0.0243916795853227,"LEMA","All","family","family"
"1938",0.867536431955584,-0.143531396474159,-0.00889181015407425,-0.0360898113128633,-0.0144869495063291,"LEMA","All","family","family"
"1939",0.844015931188983,-0.0489385718446654,0.00401706848999517,-0.0120348386131928,0.0846595351710158,"LEMA","All","family","family"
"1940",0.864426816101654,-0.103665377412906,0.00676334525963251,-0.00542438593676711,-0.0394490112930389,"LEMA","All","family","family"
"1941",0.860046367035458,-0.213847526572845,0.00104114093758656,0.0366456567359327,0.0587786436129062,"LEMA","All","family","family"
"1942",0.854561092520781,-0.13742430963888,0.003674642237248,-0.0572037179038593,0.0303057074039561,"LEMA","All","family","family"
"1943",0.861755113370534,-0.168934121952411,-0.0333621268478969,-0.0202931865767581,0.0266844687919713,"LEMA","All","family","family"
"1944",0.873466246678327,0.00056804265983601,-0.0875903902838538,-0.0842709033320369,-0.0116714299247537,"LEMA","All","family","family"
"1945",0.862239343954478,-0.0643359372718266,-0.0223510796453164,-0.0185308033325987,-0.0411205909016875,"LEMA","All","family","family"
"1946",0.853305291451852,-0.176918034038699,-0.0212784971457367,-0.0736910665324655,0.0638159643179191,"LEMA","All","family","family"
"1947",0.862298509639025,-0.0107593080017281,-0.0564918699641865,-0.030451848250995,0.136767527099459,"LEMA","All","family","family"
"1948",0.875971605252768,0.0278219065675935,-0.0701417897018987,-0.0493433863063147,-0.0024198976673428,"LEMA","All","family","family"
"1949",0.863228649445294,0.0187447316560458,-0.0603912872041849,0.00250224971318186,0.0580389586083398,"LEMA","All","family","family"
"1950",0.864119530778075,-0.0470420830980099,-0.0686259909468703,-0.0775258095674919,0.0373726738477672,"LEMA","All","family","family"
"1951",0.870643570249012,-0.0681639715154504,-0.127916460082097,-0.0407321678082272,0.00820992863551403,"LEMA","All","family","family"
"1952",0.85318569531936,0.0562146982592135,-0.0335134612394881,0.0562818744581014,0.0243646872022486,"LEMA","All","family","family"
"1953",0.874888545176935,-0.0492663888722407,-0.109658554677602,-0.187300062958588,0.0424450912439264,"LEMA","All","family","family"
"1954",0.866049963044489,0.149971177658885,-0.0466153914458713,-0.152644391740271,0.0141254864753964,"LEMA","All","family","family"
"1955",0.869528439534656,-0.0879081895933039,-0.0947111122490698,-0.04812170558504,0.019441520478821,"LEMA","All","family","family"
"1956",0.866564614372534,-0.278432612193333,-0.0654443812616706,-0.042991796137583,0.0568905798663099,"LEMA","All","family","family"
"1957",0.863616787286204,0.0625235400453565,-0.0824667937789048,-0.0584954245092824,0.0826621509064088,"LEMA","All","family","family"
"1958",0.858429134318268,-0.0200798462899215,-0.0215543577249623,-0.0726271799514618,0.0457391952963296,"LEMA","All","family","family"
"1959",0.869145187047163,0.0245248189851872,-0.0753772133679964,-0.0546759200201425,-0.0238020081598414,"LEMA","All","family","family"
"1960",0.873948153343619,0.0833773002418781,-0.0956131707937408,-0.107626617171138,0.0409485033293304,"LEMA","All","family","family"
"1961",0.863761063529291,-0.0452443268921542,-0.0305722559924921,-0.107823680895742,0.0710752254234274,"LEMA","All","family","family"
"1962",0.871173571951145,-0.0652671015348962,-0.0442348819408577,-0.0536010176602968,0.0377119795026551,"LEMA","All","family","family"
"1963",0.856487861766212,0.0377601099400839,-0.0164832438471325,-0.0383216635220496,0.0309032441029457,"LEMA","All","family","family"
"1964",0.86293244859951,-0.167726008089338,-0.0684085196334262,-0.000989199321411177,-0.0378370003312299,"LEMA","All","family","family"
"1965",0.859784690322112,0.00532430093463909,0.0120527278464089,-0.0316904738741463,-0.0326966333945933,"LEMA","All","family","family"
"1966",0.865156318957528,-0.162698805584837,-0.0521537320777308,0.0202250445333869,0.0220684276771074,"LEMA","All","family","family"
"1967",0.861905579053968,0.104253390992517,-0.0385538681956608,-0.10776866432752,0.0308620448938098,"LEMA","All","family","family"
"1968",0.850671188526776,0.00193900624815657,-0.0421516979085558,0.0275004352480125,0.0236951458784988,"LEMA","All","family","family"
"1969",0.86294044066782,0.0771434564168154,-0.067451818296863,-0.0338699486189862,0.0369260409586618,"LEMA","All","family","family"
"1970",0.869335736105141,-0.108279691068314,-0.0466509940961686,-0.0543147516269047,-0.012085551145078,"LEMA","All","family","family"
"1971",0.859745838989961,0.0854358885265483,-0.0642923706534991,-0.00483890423910488,0.0481622972982294,"LEMA","All","family","family"
"1972",0.885374041617065,-0.0957505723406088,-0.102845832840273,-0.154952107213518,-0.0300454679680341,"LEMA","All","family","family"
"1973",0.871387688950379,0.0657299156772662,-0.0821599017060741,-0.0656001196339671,-0.0333104587163067,"LEMA","All","family","family"
"1974",0.853585480255607,-0.047065057882258,-0.0355418252666002,0.0445339087676884,0.0280067742678642,"LEMA","All","family","family"
"1975",0.866692497041969,-0.121489188549743,0.00472774605507476,-0.0438189594467669,0.0128290705763975,"LEMA","All","family","family"
"1976",0.860530073877491,-0.0666959793139008,-0.0806804645940068,-0.0199395409781035,-0.0380057574222288,"LEMA","All","family","family"
"1977",0.864239384002297,-0.0423177794251418,-0.0561702941935579,-0.0945516397155813,0.0687072158066164,"LEMA","All","family","family"
"1978",0.857979967986579,-0.123502938232239,-0.0273201812937405,-0.0327022230347333,0.062400535610886,"LEMA","All","family","family"
"1979",0.859665273472455,-0.0757540884793675,-0.0378030284194713,-0.00465698381655158,0.0493793514382746,"LEMA","All","family","family"
"1980",0.868086355739601,0.00517308977493913,-0.0868068766732208,-0.0994183677493728,0.0313136380625482,"LEMA","All","family","family"
"1981",0.864854768018074,-0.0724734184438603,-0.062437084256718,-0.00391679751202702,-0.0110482204011021,"LEMA","All","family","family"
"1982",0.869556997478497,-0.117798741927475,-0.0425797730257328,-0.069290880691231,-0.0223351389959544,"LEMA","All","family","family"
"1983",0.864773226327562,-0.123569755800707,-0.0468798996954866,0.00086364289892207,0.0119138159766046,"LEMA","All","family","family"
"1984",0.872818880754932,0.00153188481463795,-0.0806557477336761,-0.148244137116362,-0.000242670162499382,"LEMA","All","family","family"
"1985",0.859037352663156,0.0602419725931753,-0.0533173980613557,-0.0010676198954376,0.02527528069717,"LEMA","All","family","family"
"1986",0.868872555666104,0.0867293989201214,-0.0578595148668558,-0.056703010867677,0.107768524464072,"LEMA","All","family","family"
"1987",0.855119547113522,-0.0652307484830463,-0.0352070989154849,-0.0385919506372805,0.10997590059363,"LEMA","All","family","family"
"1988",0.864275852119022,-0.149786249362403,-0.0372866700537851,-0.0883271718199509,-0.00706739364712647,"LEMA","All","family","family"
"1989",0.864734500181971,0.171443910127795,-0.0305290702900023,0.0318482635744987,0.00834859370762241,"LEMA","All","family","family"
"1990",0.860662480089126,0.0121527370807994,-0.0464686196405999,-0.0654492101885255,0.0435100911063832,"LEMA","All","family","family"
"1991",0.865823639065893,-0.18986118543435,-0.0270586180009833,-0.118001248174638,0.0358053951849939,"LEMA","All","family","family"
"1992",0.864489337883585,0.0794535859743055,-0.0667406929587706,-0.0775923795248767,0.0557257524959203,"LEMA","All","family","family"
"1993",0.873630026414837,-0.0690250809579248,-0.0743361551256527,-0.0478379607463113,-0.0437270613432278,"LEMA","All","family","family"
"1994",0.856252914734975,-0.0679963347900794,-0.0435648644166391,-0.0106958183727351,0.0317790842126993,"LEMA","All","family","family"
"1995",0.867076729789469,-0.0709268937317771,-0.0341546048435803,-0.0677622670593777,-0.00148157939347779,"LEMA","All","family","family"
"1996",0.859020427736923,0.0479508953146111,0.0188338440162943,-0.0608716134953006,0.023390167201454,"LEMA","All","family","family"
"1997",0.869182464415723,-0.153027292256873,-0.0789455027315065,-0.0433448861152968,0.0019700194303801,"LEMA","All","family","family"
"1998",0.860276638112398,-0.0760112607968605,-0.0279915082385263,-0.0415179957598255,0.00298890896296931,"LEMA","All","family","family"
"1999",0.863038639116453,-0.170520827189864,-0.033678489112395,0.0198506124762565,0.0678819258011984,"LEMA","All","family","family"
"2000",0.862769405242092,-0.0132488537043474,-0.0911044147451316,-0.074223118461699,0.00869220067285393,"LEMA","All","family","family"
"2001",0.864521064785074,-0.0427868625102018,-0.0472380039371199,-0.102067199625375,0.0325207231749623,"LEMA","All","family","family"
"2002",0.868605471408185,0.171872362469546,-0.0592989955881343,-0.0670139244537508,0.0295816390024717,"LEMA","All","family","family"
"2003",0.859228355819954,-0.0367389959690816,-0.0297780947668137,0.0341961143954684,0.0467906001237338,"LEMA","All","family","family"
"2004",0.859292514591656,-0.0785401973924909,-0.00699489222724348,-0.120369218264027,0.0215237748869893,"LEMA","All","family","family"
"2005",0.875469576403387,0.0508923811616553,-0.0796532749708464,-0.134963481307678,-0.032920914033232,"LEMA","All","family","family"
"2006",0.852259726899305,-0.129556297877555,-0.0166020001613705,0.0296799115460817,0.0606191665495311,"LEMA","All","family","family"
"2007",0.86285166134837,-0.118062481602941,0.0245517246521192,0.0104220404354211,-0.0110568367768496,"LEMA","All","family","family"
"2008",0.854877910780684,-0.0490509770811463,-0.00226088166899763,-0.0573398812255856,0.0645642458493374,"LEMA","All","family","family"
"2009",0.863653477035758,0.0279876204071887,-0.0544600254387462,-0.0745729957609528,0.017167876982975,"LEMA","All","family","family"
"2010",0.868469154240585,-0.08644076653854,-0.0346415407389216,-0.0551878711228245,0.0547483494256801,"LEMA","All","family","family"
"2011",0.864188817672405,0.0454833960056815,-0.0256032439227127,-0.0520025838662641,0.0684689164171982,"LEMA","All","family","family"
"2012",0.868441517807569,-0.111749577261064,-0.0603069022634752,-0.0367794737228834,0.0544617538793167,"LEMA","All","family","family"
"2013",0.852385753133926,-0.124930562694885,0.00994656042168729,-0.0294464392484218,0.0784288597124308,"LEMA","All","family","family"
"2014",0.872885689807814,-0.0209025119708677,-0.0968810481076969,-0.112166823611158,0.023941656872124,"LEMA","All","family","family"
"2015",0.857282698599074,-0.0169989239254841,-0.0325613237386984,-0.00913102553200435,0.0330701526520262,"LEMA","All","family","family"
"2016",0.863567201862908,-0.16516063168693,-0.0892994558413722,0.0492861636456581,0.00918056155976931,"LEMA","All","family","family"
"2017",0.867881703919672,-0.123811712695032,-0.0406177382370574,0.00275352773180427,-0.0310120740723659,"LEMA","All","family","family"
"2018",0.857956058522296,0.0732180932722499,-0.000510382746468419,-0.0253630212825509,-0.0161926785776676,"LEMA","All","family","family"
"2019",0.859595659195713,-0.159685360113485,-0.0440490328793888,-0.00867543680805002,0.0526135396832303,"LEMA","All","family","family"
"2020",0.849963456391836,-0.0209725758782754,-0.00722520596003517,0.0211946792504438,0.0324719999829293,"LEMA","All","family","family"
"2021",0.871319364518862,-0.138098545145427,-0.0137331929156661,-0.0544227933111626,0.0352808359377297,"LEMA","All","family","family"
"2022",0.857047506821079,-0.0247463758554358,-0.0179949716575705,-0.0447647036343718,0.045714652492533,"LEMA","All","family","family"
"2023",0.863844620556697,-0.0117502126850134,-0.0618870075281344,-0.0676252009813353,0.0635553581108129,"LEMA","All","family","family"
"2024",0.866836278278736,-0.0443405388868303,-0.0308538919245959,-0.0691014463947797,-0.0138889039636387,"LEMA","All","family","family"
"2025",0.86058920760826,0.032425517088021,-0.0108290364705954,-0.0234782174501396,0.0720462660659444,"LEMA","All","family","family"
"2026",0.868780298039775,0.139358159772376,-0.0304716010232208,-0.0767006094324658,0.00147391722702,"LEMA","All","family","family"
"2027",0.877484625399578,-0.093548977458944,-0.0918003029938643,-0.113016309658779,0.0166707440129407,"LEMA","All","family","family"
"2028",0.851287391757813,0.0465092106529288,-0.0159603860823342,0.0260000309805618,0.0454887389179639,"LEMA","All","family","family"
"2029",0.86681288225647,-0.0242667244299537,-0.0322355392604318,0.0170031053832694,-0.0314047600299599,"LEMA","All","family","family"
"2030",0.877162181064089,-0.0659288950533762,-0.0830557152169572,-0.17353969054224,0.0533435301675756,"LEMA","All","family","family"
"2031",0.861397247955529,0.0164288077331691,-0.0088445368378649,-0.0444649857245617,-0.0365785061654334,"LEMA","All","family","family"
"2032",0.861317495625858,-0.120873448232496,0.0035235501133557,-0.00828418685260524,-0.0332123222010412,"LEMA","All","family","family"
"2033",0.859741178796924,-0.0298650214164143,-0.00881298642089956,-0.0496931863901068,0.0697769258057892,"LEMA","All","family","family"
"2034",0.871515815311426,-0.00669306485677068,-0.0853897175362157,-0.0297029219923597,-0.00267648776286958,"LEMA","All","family","family"
"2035",0.862454827413265,-0.0378356686017964,-0.00418150137968754,-0.00858487001232857,-0.0696447870943661,"LEMA","All","family","family"
"2036",0.852214786935477,0.0137359840111035,-0.00653801746861093,-0.0395265726715701,0.0777554072338305,"LEMA","All","family","family"
"2037",0.858574490230738,-0.109921464274034,-0.0515794774030307,-0.0504044588549063,0.0695384857930356,"LEMA","All","family","family"
"2038",0.856681517198152,0.00284290001401444,-0.014212566942103,-0.0279481020950059,0.0593351438171755,"LEMA","All","family","family"
"2039",0.872748343505929,-0.0962709833303039,-0.0786417534912837,-0.100721182772801,0.057504313476165,"LEMA","All","family","family"
"2040",0.866691453684025,-0.0304460894777632,-0.077139519735765,-0.0298954657213362,0.0532518811986242,"LEMA","All","family","family"
"2041",0.862023104049436,-0.0235471991514919,0.0120406078752753,-0.0785784934344576,0.00380314700929718,"LEMA","All","family","family"
"2042",0.861454031820628,0.0535533608121392,-0.053440531790838,-0.0779119705835272,0.0268320479989219,"LEMA","All","family","family"
"2043",0.862986329895131,0.0665957383792102,-0.0529677687266135,-0.117406392571297,0.0525495046822376,"LEMA","All","family","family"
"2044",0.866221542714115,-0.225736243456754,-0.0245450100243935,-0.0370317064256436,-0.00214831926780466,"LEMA","All","family","family"
"2045",0.863626057938422,-0.0325341718421848,-0.05673508689938,-0.0213075802113509,0.0388294871147765,"LEMA","All","family","family"
"2046",0.864601512174624,-0.0590239945689854,-0.0546789385379928,0.0144781289428468,-0.0310937384166315,"LEMA","All","family","family"
"2047",0.860254575703339,-0.0200019507742401,-0.0516524564452883,-0.0793726206416138,0.030228549218994,"LEMA","All","family","family"
"2048",0.86223830200081,0.0163428924499927,-0.0425299375298298,-0.0407492233570955,0.0259640794179797,"LEMA","All","family","family"
"2049",0.848434987173363,-0.0797088550898077,0.0426894452730131,0.0561261539035045,0.0402273451971596,"LEMA","All","family","family"
"2050",0.853301890908238,0.0693206561998672,-0.0253433166830168,-0.0359292167851039,0.00788322721253106,"LEMA","All","family","family"
"2051",0.8602620971705,0.14709725933355,-0.0861333651073517,-0.0466793235526551,0.0210482019104413,"LEMA","All","family","family"
"2052",0.872368923209008,-0.00983113365742072,-0.0595792029323947,-0.0502484729512089,-0.0134246847573353,"LEMA","All","family","family"
"2053",0.864823060638551,-0.0880230454114543,-0.0517238718902675,-0.0953882992616382,0.0460084451870084,"LEMA","All","family","family"
"2054",0.848511490753998,-0.117384280408244,0.0136196576655878,-0.0104978164759066,0.0596378390464582,"LEMA","All","family","family"
"2055",0.842523440102065,-0.100801997950755,0.00452132482406298,-0.00119916590624077,0.0979195832583931,"LEMA","All","family","family"
"2056",0.869937067863473,-0.264429738039903,-0.0640667033237212,-0.101461032502416,-0.00689556893246733,"LEMA","All","family","family"
"2057",0.842927629500113,0.0152370470286378,0.0708939157378543,0.021694355277115,0.00698107238695661,"LEMA","All","family","family"
"2058",0.865444286439051,0.161302414131768,-0.0450590717117645,-0.0642394853721723,-0.0391827752764044,"LEMA","All","family","family"
"2059",0.869480822830543,-0.0529094119645713,-0.0712215598151298,-0.0150550737326207,0.043683437343943,"LEMA","All","family","family"
"2060",0.866107836453189,0.0220396371799243,-0.0734148249800463,-0.000684015529373562,0.0351636679721502,"LEMA","All","family","family"
"2061",0.870267726580884,-0.0251930020711709,-0.0756633577540838,-0.039327379375774,0.0204914374561249,"LEMA","All","family","family"
"2062",0.865227724656135,-0.00118817835261542,-0.0152511622622858,0.0224656259720089,-0.0249408414292777,"LEMA","All","family","family"
"2063",0.853553852391516,-0.0147634437099055,-0.0484796639344094,-0.0433094486091964,0.0617606831895256,"LEMA","All","family","family"
"2064",0.86627762796829,0.0815597555108092,-0.0657564649573344,-0.142476365566799,0.0786743221420252,"LEMA","All","family","family"
"2065",0.863186304122519,-0.317252910829451,-0.0657066749930918,0.0197226862003411,0.0998294447693463,"LEMA","All","family","family"
"2066",0.853942263465099,-0.0419760276094059,0.012694982863442,-0.0162436853406639,0.00510776380338195,"LEMA","All","family","family"
"2067",0.865815811396817,-0.0091249346797907,-0.0707992459951884,-0.106461045788535,0.0202337028260066,"LEMA","All","family","family"
"2068",0.86006530079956,0.025454556840586,-0.0137040664947535,-0.0516266745762368,0.0255012426682455,"LEMA","All","family","family"
"2069",0.859528551402011,-0.0462214165448601,-0.0351709504677846,0.000101051015182773,-0.0189020756635989,"LEMA","All","family","family"
"2070",0.863530109073827,0.0185228314635622,-0.0646095483802815,-0.0518236573404652,0.0884714852048091,"LEMA","All","family","family"
"2071",0.865813893812475,0.0317222955146632,-0.0570920209446297,-0.039752017764365,-0.0235975258690319,"LEMA","All","family","family"
"2072",0.858930426696387,0.0702679475680859,-0.0458588821168496,0.00252797262142751,0.0194629476419204,"LEMA","All","family","family"
"2073",0.859986562409002,-0.267192610131008,-0.0473049362082517,-0.0068212316938257,0.0558577627791867,"LEMA","All","family","family"
"2074",0.858659441710865,-0.0841967494501562,-0.0372373702997993,0.011688671537091,0.0176985405679231,"LEMA","All","family","family"
"2075",0.853750708433652,-0.0237231849529473,0.0276770313273895,0.0201579820546797,-0.0158819955431325,"LEMA","All","family","family"
"2076",0.866441609135738,-0.0903944708319022,-0.0318868018297476,-0.141258057946851,0.048650365859098,"LEMA","All","family","family"
"2077",0.8647083788291,-0.0623290664033334,-0.0376931121450322,-0.0569985848360143,0.0264144519027056,"LEMA","All","family","family"
"2078",0.861683119662116,-0.0838727584032432,-0.0530618120102202,-0.0771861448082562,0.0543945560657758,"LEMA","All","family","family"
"2079",0.880356118745117,-0.108417719124631,-0.11930639358104,-0.0757802515491949,0.0125716066263569,"LEMA","All","family","family"
"2080",0.845748406438833,0.0640349007417462,0.00966799525377859,0.0913319800995115,0.0644602999546583,"LEMA","All","family","family"
"2081",0.86369756983463,-0.12796146997966,-0.046717128802595,-0.0321676602222604,0.00733985933495762,"LEMA","All","family","family"
"2082",0.857926740628462,-0.0570381145281738,-0.0394806518689681,-0.0245638502880635,0.0565849502121672,"LEMA","All","family","family"
"2083",0.868971113946864,0.0804585605039168,-0.0713452813689273,-0.108776220952798,-0.0191068771331517,"LEMA","All","family","family"
"2084",0.870335681403039,0.0444196062944597,-0.0846253616677471,-0.0625393238963672,0.0183892689375474,"LEMA","All","family","family"
"2085",0.860753484964382,-0.110838440098175,-0.0317606646938154,-0.0230153199816086,-0.0581162555166841,"LEMA","All","family","family"
"2086",0.849194427597748,0.0839745060038402,0.000110065835282835,-0.0172242803836231,0.0285755535771816,"LEMA","All","family","family"
"2087",0.87565350766727,0.111627399724215,-0.0707861245535544,-0.129488463937768,-0.096246855926588,"LEMA","All","family","family"
"2088",0.8730633038521,-0.113873158246102,-0.0149070958915055,-0.152508467941993,-0.0353233922916985,"LEMA","All","family","family"
"2089",0.857266789982849,-0.0145436476824933,-0.0325486569739013,-0.0172825637124424,0.0456591959934638,"LEMA","All","family","family"
"2090",0.871101374887074,-0.0925789374632845,-0.0749905792043735,-0.0863838555442041,-0.00721903257520741,"LEMA","All","family","family"
"2091",0.84586025930243,-0.0444489877776435,0.0650226042914634,0.0152635754429216,0.0187998628888307,"LEMA","All","family","family"
"2092",0.870846349850922,-0.102600795524882,-0.0674785184412744,-0.0147350978182662,0.0042548325444949,"LEMA","All","family","family"
"2093",0.870888652818921,-0.0457206177375011,-0.0698926759005726,0.00551204499712541,0.00200930633290103,"LEMA","All","family","family"
"2094",0.85796676999888,0.0945170258570696,0.0245398505536738,-0.0557253457196637,0.0162654612603468,"LEMA","All","family","family"
"2095",0.851013922622479,-0.0101191744106408,-0.00269178085036004,-0.0126073815769488,0.0623508266881223,"LEMA","All","family","family"
"2096",0.871768545153756,-0.219561902476947,-0.0736047178732525,-0.0573508149880815,-0.00486605485399283,"LEMA","All","family","family"
"2097",0.864851167491615,0.0294604434755172,-0.0499646543175241,-0.0682122337039354,0.00943252997449529,"LEMA","All","family","family"
"2098",0.868017217062551,-0.073159590780617,-0.0637118555752406,-0.0567244051415586,0.0577010931005327,"LEMA","All","family","family"
"2099",0.866028869958944,-0.024670240359808,0.0235893627872763,-0.112129828160455,-0.0249574281785806,"LEMA","All","family","family"
"2100",0.868828886179479,-0.0348732504034249,-0.0349494114429928,-0.0949453701789957,0.0188123650036757,"LEMA","All","family","family"
"2101",0.855680433101188,0.00486271000602634,0.000690767459514685,-0.0529315680641858,0.0136577100212443,"LEMA","All","family","family"
"2102",0.871161269964496,-0.0980455095406966,-0.0564458183980742,-0.0359547519851149,-0.0178650570704285,"LEMA","All","family","family"
"2103",0.864259987932569,0.146635040538543,-0.049464341781135,-0.0546282779874347,0.0214947763297979,"LEMA","All","family","family"
"2104",0.876937640181662,-0.0509777497510578,-0.0989647789464918,-0.0797661489019612,0.0166775878488436,"LEMA","All","family","family"
"2105",0.871351638094064,-0.100923429049145,-0.0499189396617529,-0.0445136540004682,-0.0110786220532172,"LEMA","All","family","family"
"2106",0.852926741100313,0.0144793469370013,0.018393763433014,-0.062754764672416,0.0716670057784803,"LEMA","All","family","family"
"2107",0.868714651361915,-0.0842126222581121,-0.0366881282539813,-0.108848417638376,0.0561835951544916,"LEMA","All","family","family"
"2108",0.867871304779071,-0.247005716115464,-0.0490928961642201,-0.10834079457854,0.0481233121208636,"LEMA","All","family","family"
"2109",0.852335483733953,0.0364999099660295,-0.0373642234493657,0.00811924272661637,0.0729255662420373,"LEMA","All","family","family"
"2110",0.858783794425644,0.0193284960324667,-0.0228416982046347,-0.0926575015574847,0.0271936559824912,"LEMA","All","family","family"
"2111",0.873348649702424,-0.0143606723333074,-0.107364776001218,-0.0920756722675767,0.0172388287356872,"LEMA","All","family","family"
"2112",0.875342334909973,-0.0435551305533077,-0.10010586830824,-0.108764416274682,0.000606758469426501,"LEMA","All","family","family"
"2113",0.859707436299886,-0.045004223271635,-0.0205890832060083,-0.0995830559415035,0.0375093358272575,"LEMA","All","family","family"
"2114",0.863499943793637,-0.123558544015699,0.0145094256363558,-0.0310773251288041,0.0160856386497094,"LEMA","All","family","family"
"2115",0.873655251367476,-0.0226454120288341,-0.0595967523185104,-0.127801917315099,0.0300572828529114,"LEMA","All","family","family"
"2116",0.869936353126257,-0.0449224152233458,-0.0384467019112001,-0.0961581310262542,0.001661730907735,"LEMA","All","family","family"
"2117",0.864663907270229,0.0716269018741342,-0.0300115367132334,0.0226692289388494,-0.0625399879260849,"LEMA","All","family","family"
"2118",0.880137946753627,-0.0419614914939629,-0.127307139917102,-0.15899367190214,0.0173463914770819,"LEMA","All","family","family"
"2119",0.866103714625669,-0.166154450519421,-0.0576236800944283,-0.101461038730473,0.0129566558605822,"LEMA","All","family","family"
"2120",0.861792568450874,0.0142313417411786,0.0126687743923282,-0.00312235172045417,0.0284726914072121,"LEMA","All","family","family"
"2121",0.861657869141167,-0.0889261768957118,-0.0393258545584989,-0.0323541682987414,0.0116397122968368,"LEMA","All","family","family"
"2122",0.851804599972597,-0.133509257179292,0.0354475464651607,0.0464973385632506,0.0233775650180354,"LEMA","All","family","family"
"2123",0.858825527341985,-0.0978207921559234,-0.0175179099553026,-0.108663810422212,0.0504288800919529,"LEMA","All","family","family"
"2124",0.864434390655407,0.150721580254099,-0.0561198049791811,0.0871299557704499,-0.0258276972001909,"LEMA","All","family","family"
"2125",0.858868930279793,-0.135388750580118,-0.0064210718880916,0.00312800814336755,0.0136056650160904,"LEMA","All","family","family"
"2126",0.868662278091397,-0.0862835852752685,-0.0912627435728293,-0.121717917694621,0.0246886996817717,"LEMA","All","family","family"
"2127",0.852053447695984,0.045180258863579,-0.0224382872457435,0.0742605048184519,0.0340607998875722,"LEMA","All","family","family"
"2128",0.86435998912435,0.123605121678251,8.09061450879334e-06,-0.0510641040152474,-0.029399013765072,"LEMA","All","family","family"
"2129",0.861555926231457,0.0601801235628867,-0.0641910211837549,-0.00953731947428928,0.0241963409786204,"LEMA","All","family","family"
"2130",0.869118657293969,-0.164526832166123,-0.0907788492928371,-0.0206274098970344,0.0519376224460707,"LEMA","All","family","family"
"2131",0.857477240442261,0.0200074825548204,-0.0351397766023919,-0.046206395953514,0.068548129087097,"LEMA","All","family","family"
"2132",0.85494867767348,-0.0342793835262324,-0.0593169065424718,-0.0249384075152979,0.059959605559905,"LEMA","All","family","family"
"2133",0.883232997109889,-0.125766840848572,-0.124785061076037,-0.0982584089799402,0.00806255733996793,"LEMA","All","family","family"
"2134",0.853786265261089,-0.0351717041862429,-0.0248767674281387,0.00557080083596039,0.068714392297978,"LEMA","All","family","family"
"2135",0.866753334377718,0.0266775226271891,-0.0373874328946273,-0.042100339403736,-0.0183603585612198,"LEMA","All","family","family"
"2136",0.864417898165141,0.053445590212946,-0.0718101745473427,-0.103015841698326,0.0398470415940363,"LEMA","All","family","family"
"2137",0.856735881890593,-0.205693122101833,-0.00485585703676483,-0.0736331237297822,0.0649212171433676,"LEMA","All","family","family"
"2138",0.86003985549974,-0.0290319267542083,-0.0251618647175971,-0.113860154936783,0.0515736455589533,"LEMA","All","family","family"
"2139",0.851911036125514,0.108704916246908,0.0200139557478181,-0.0333871976463717,0.00299784295525876,"LEMA","All","family","family"
"2140",0.856131487592887,-0.0715499145998194,-0.0391918545775123,0.0239150513961118,0.0840934940723029,"LEMA","All","family","family"
"2141",0.865962403791143,-0.144835330796184,-0.0139620908882008,-0.0011084900475398,0.0195533554310469,"LEMA","All","family","family"
"2142",0.874237544627697,0.0281979948048448,-0.0718606489123537,-0.139282362026158,-0.00338122006030308,"LEMA","All","family","family"
"2143",0.850473108509201,0.0630443493872987,0.00240424876418111,0.0180040187661556,0.0531020449247388,"LEMA","All","family","family"
"2144",0.873650621965222,-0.209737300556016,-0.0884043741983658,-0.0569626131075451,-0.0189733291477955,"LEMA","All","family","family"
"2145",0.858951709585416,-0.0647380238777904,-0.0635636458617082,-0.00403705910671137,0.0363541959220062,"LEMA","All","family","family"
"2146",0.861496834483629,0.00840865707657867,-0.0255870725497757,-0.0693271440771572,0.107112172651535,"LEMA","All","family","family"
"2147",0.864018182713961,-0.233512047696895,-0.0413735599023226,-0.0685738344471365,0.0923788340310272,"LEMA","All","family","family"
"2148",0.855253437635749,-0.0156611059879272,-0.0341027377759935,-0.0168877328341178,0.0823527462065701,"LEMA","All","family","family"
"2149",0.852314269859947,0.0279858995968456,-0.0175617257276416,0.033937185977196,0.0474037252592057,"LEMA","All","family","family"
"2150",0.866998764846731,-0.0183067135117153,-0.0798435989391535,-0.0127127022433787,0.0429030183175489,"LEMA","All","family","family"
"2151",0.87357982628548,-0.20807531248415,-0.107217641527441,-0.0753846007915506,0.00488012450406611,"LEMA","All","family","family"
"2152",0.872974825895145,-0.0889701924540484,-0.0966719958053273,-0.0624166618181827,0.00874267231133779,"LEMA","All","family","family"
"2153",0.84908448027513,-0.0552270097267918,0.0456271168724134,0.00929152395153311,0.0619734388017503,"LEMA","All","family","family"
"2154",0.854987177832466,0.0460001929283826,-0.0223137373564977,-0.100928702225689,0.0897819169710329,"LEMA","All","family","family"
"2155",0.87197046146295,0.0665070184356775,-0.0664849051221267,-0.111586358622036,-0.0160098383773091,"LEMA","All","family","family"
"2156",0.875869953467243,-0.0852494145966931,-0.0786913889990638,-0.0184357757948613,-0.0212964745241282,"LEMA","All","family","family"
"2157",0.870475527981767,-0.143335696578558,-0.0729042870589371,0.00820750865521462,-0.0423262259902044,"LEMA","All","family","family"
"2158",0.85163810528384,-0.00118540777218634,-0.0361016153291932,-0.00979756525708052,0.115833896175865,"LEMA","All","family","family"
"2159",0.874489217201212,-0.0539555041020324,-0.0800142538357516,-0.126177544991931,0.046495601271179,"LEMA","All","family","family"
"2160",0.856984702906159,0.100818070381876,-0.0471850182529815,-0.0639569471455145,0.0573368363265319,"LEMA","All","family","family"
"2161",0.867578999540428,-0.264861156312252,-0.0247651088818938,-0.1024405703122,0.0970656672192686,"LEMA","All","family","family"
"2162",0.871348360890834,-0.029922661287712,-0.0416442051502094,-0.0814651188986629,-0.0214275725191933,"LEMA","All","family","family"
"2163",0.869927381286095,0.051579579137139,-0.0725615456217135,-0.0279117874905857,-0.00500965555958219,"LEMA","All","family","family"
"2164",0.850302698790759,0.0745661879193431,0.0208158203990363,-0.0844337676123557,0.0260689715368607,"LEMA","All","family","family"
"2165",0.866001940426292,-0.10190184761412,-0.0469383631177813,-0.0675607127696575,0.0148867844834484,"LEMA","All","family","family"
"2166",0.87053410647061,-0.234307804610952,-0.0715183203817678,-0.0237723938879613,-0.0434186663834923,"LEMA","All","family","family"
"2167",0.878889933562157,-0.0991370334745354,-0.120264393889522,-0.139266736340247,0.00369409616135425,"LEMA","All","family","family"
"2168",0.858337653894014,0.173125645018598,-0.0184381869661451,-0.0634282301684064,-0.0225916583151623,"LEMA","All","family","family"
"2169",0.850602338397248,-0.151450206754144,0.00758381765643468,-0.019218941807544,0.0600597338675246,"LEMA","All","family","family"
"2170",0.865774861757506,0.0252320840381099,-0.0290053493615886,-0.0253104261849675,0.0528995616075342,"LEMA","All","family","family"
"2171",0.86230437748333,0.0875199299607619,-0.0732406307432348,0.00287664705920818,-0.00301401870146774,"LEMA","All","family","family"
"2172",0.86686031613257,-0.0689472700775643,-0.0554992629630386,-0.033815706739132,0.000514864781543611,"LEMA","All","family","family"
"2173",0.861392451180308,0.0288665677127724,-0.0136162736696654,-0.0671388038443747,0.0161905206708396,"LEMA","All","family","family"
"2174",0.869509142927178,-0.00414855173422679,-0.0818011136280493,-0.00633650701005736,-0.00771738339020631,"LEMA","All","family","family"
"2175",0.879379676278623,0.00209561159285832,-0.105955435505288,-0.0895976212270779,0.010985106529943,"LEMA","All","family","family"
"2176",0.854431616986914,-0.250600557830416,-0.0594525249825674,0.00782743363092207,0.132653889447706,"LEMA","All","family","family"
"2177",0.861586015783146,-0.0920593111242799,-0.0510823180457425,0.0525363399153653,-0.00842204762822428,"LEMA","All","family","family"
"2178",0.876119848852421,-0.104612423715664,-0.0519939318833099,-0.0668192448934561,-0.06357305490489,"LEMA","All","family","family"
"2179",0.861862537428241,-0.106799868908104,0.0145395704426066,-0.116318415324114,0.0112910569514161,"LEMA","All","family","family"
"2180",0.870233018699227,0.0506808782600312,-0.0554903712175876,-0.127287837510216,0.0153725943694483,"LEMA","All","family","family"
"2181",0.859067133534173,0.0168213113387956,0.0189538737296981,-0.015281877105622,0.0278776891437755,"LEMA","All","family","family"
"2182",0.864193767941976,0.0011908624193282,-0.0366658588333024,0.0184048876109719,-0.0103493856038772,"LEMA","All","family","family"
"2183",0.864654607059345,-0.111503894616322,-0.0750066057950597,-0.0928058856731476,0.0368499013709389,"LEMA","All","family","family"
"2184",0.870078710560516,-0.116796624406639,-0.0312854520461804,-4.87198282058728e-05,0.0328587094558278,"LEMA","All","family","family"
"2185",0.856168978364262,0.0462609914395904,0.0133225119586273,-0.0279311932427418,0.019372552046771,"LEMA","All","family","family"
"2186",0.871191340259487,-0.129274922880296,-0.0531157479750984,-0.073744216219869,0.0337241758454417,"LEMA","All","family","family"
"2187",0.84744753451868,0.020682967078232,0.0305245542208303,-0.0225142246898653,0.0575587285048115,"LEMA","All","family","family"
"2188",0.852111698815686,-0.0416011487392408,0.00159773815258379,-0.0625642793577452,-0.00457626470085754,"LEMA","All","family","family"
"2189",0.882499445760433,-0.0572436537177095,-0.123799131446669,-0.0814739701281116,-0.0157915621840555,"LEMA","All","family","family"
"2190",0.861850273499326,-0.168468046853092,0.0222403176382664,-0.0278420016850487,0.0435790640573661,"LEMA","All","family","family"
"2191",0.859962714091541,0.152524775834567,-0.0620064508515634,-0.0483291397500648,0.0730189036158688,"LEMA","All","family","family"
"2192",0.864384715864548,-0.0289192327755816,-0.0705148393620207,-0.020473102905803,0.0346793549121839,"LEMA","All","family","family"
"2193",0.859328646338743,-0.0990613258310173,-0.0185571291146057,0.0621076795456993,-0.0290228612445555,"LEMA","All","family","family"
"2194",0.873255270106557,-0.17682556342181,-0.0491402356357723,0.0173414074841318,-0.0626178532599784,"LEMA","All","family","family"
"2195",0.864910725485237,-0.167149744104872,0.00185451162189776,-0.0293204227364872,-0.0331681236921118,"LEMA","All","family","family"
"2196",0.860068748006452,-0.116669391543805,0.00337261165919922,-0.00706021937197049,-0.0135693637212494,"LEMA","All","family","family"
"2197",0.858076984233243,-0.0212313844793163,-0.0286613598224511,-0.105279571003624,0.0449513241140655,"LEMA","All","family","family"
"2198",0.866994588753714,-0.198676009802079,-0.0879264801202553,-0.0587674109914508,0.00837403086377476,"LEMA","All","family","family"
"2199",0.849522731489417,-0.188344531495956,-0.011165723877348,-0.00921941893755924,0.0600039541229389,"LEMA","All","family","family"
"2200",0.860527610812449,-0.15844776688555,-0.0303806318886811,-0.0296631660663815,0.0652192138094664,"LEMA","All","family","family"
"2201",0.874192477711435,-0.097874385761905,-0.053596420363592,-0.110402410728914,0.00859018905397842,"LEMA","All","family","family"
"2202",0.862552038829347,0.0659482116465833,-0.0245567244059177,-0.0415124592052308,-0.0156524861199963,"LEMA","All","family","family"
"2203",0.857335991438715,-0.093803413612663,-0.00366599031773196,0.0329634477844615,-0.0127782445583592,"LEMA","All","family","family"
"2204",0.851369127050852,0.0441268806346526,-0.00919375119276167,0.0187060294374855,0.0454216582829337,"LEMA","All","family","family"
"2205",0.855898709607808,0.0861476714751794,-0.00244453454556692,-0.0322025842358323,0.0644797806629584,"LEMA","All","family","family"
"2206",0.860510643581595,-0.0849244792954611,-0.0204498772935234,-0.0721407385126987,-0.0305209889517009,"LEMA","All","family","family"
"2207",0.860713557470845,0.02667435143176,-0.0480527325901047,-0.0322052653916601,0.0259373067083075,"LEMA","All","family","family"
"2208",0.863608159148467,-0.145602094989821,-0.0187485509542588,-0.0138524112116385,0.0168539307637809,"LEMA","All","family","family"
"2209",0.854532960653809,0.0068203777706235,-0.0500410683930889,0.0320194227420934,0.0902312583431473,"LEMA","All","family","family"
"2210",0.855148624511148,-0.0256401532384348,-0.0633814106919716,-0.0694423951366897,0.0625892892735608,"LEMA","All","family","family"
"2211",0.866353114345216,-0.154999703548411,-0.0548713594489683,-0.00564260901286736,0.026747243914475,"LEMA","All","family","family"
"2212",0.852579231498655,-0.0634269270482687,0.00324571171977639,-0.000570444715438715,0.0275718335074978,"LEMA","All","family","family"
"2213",0.862263401619616,-0.0835278011416362,-0.0710202243422103,-0.0633994041729353,0.00718665000511574,"LEMA","All","family","family"
"2214",0.867764561340248,-0.0898534557021707,-0.0645635985608527,-0.0668499722145418,0.0041466480079255,"LEMA","All","family","family"
"2215",0.8594695500446,-0.13793952689073,0.0072311806748242,-0.0368042272405835,0.0277242021601192,"LEMA","All","family","family"
"2216",0.875073609605461,-0.107027397291131,-0.108534513315699,-0.172209266285265,0.0232321930612032,"LEMA","All","family","family"
"2217",0.860131334661618,-0.162197034808847,0.00981140815567172,-0.0385317874424614,0.0412985999211935,"LEMA","All","family","family"
"2218",0.858856872775857,-0.0818697660579861,-0.000953253379666119,-0.00205906712878631,0.00342538796817723,"LEMA","All","family","family"
"2219",0.859292388328143,-0.0534428818540729,-0.0460043472588618,-0.131756669511422,0.0326652191027596,"LEMA","All","family","family"
"2220",0.868776974453708,-0.127292360888534,-0.115364667370707,0.0105602554257295,0.0810787665477952,"LEMA","All","family","family"
"2221",0.858576882612593,0.0147093162161258,-0.022243408088183,-0.0713130688157415,0.0905158530667536,"LEMA","All","family","family"
"2222",0.863931534940372,-0.0746181203205636,-0.0265536792578829,-0.0811864542118499,-0.00891921714963771,"LEMA","All","family","family"
"2223",0.864135188376854,0.117734166979622,-0.0382113773678631,-0.0438582855504641,-0.0157769973287079,"LEMA","All","family","family"
"2224",0.87129103442598,-0.169686424340728,-0.0947388589861584,-0.0773728594233789,0.00275736580277278,"LEMA","All","family","family"
"2225",0.863198764673375,-0.10282535443666,-0.0321683439753183,-0.0120223051192742,0.0303385336375205,"LEMA","All","family","family"
"2226",0.865639566718364,0.0367795607654893,-0.0451252619984654,-0.0595890679011099,0.11688741884824,"LEMA","All","family","family"
"2227",0.860463868554858,-0.129269521905697,-0.0535248895953686,0.0586282124730775,0.0316599745823617,"LEMA","All","family","family"
"2228",0.856929466221813,0.0716843092074442,0.0208145769471551,-0.00756965315590275,0.0983372151568688,"LEMA","All","family","family"
"2229",0.868707994683236,-0.117833991339031,-0.0314368029503272,-0.101109035710405,-0.0255019153756479,"LEMA","All","family","family"
"2230",0.855120832574612,0.0127472722494735,-0.0326991791294211,-0.02829492645127,0.0525515344207535,"LEMA","All","family","family"
"2231",0.867420241651759,-0.0541358723917064,-0.0889635375909948,-0.00760997659400572,-0.0277202518540829,"LEMA","All","family","family"
"2232",0.850456061200265,-0.0542717910040926,-0.00494565111008949,-0.0239282540363376,0.0922675892765435,"LEMA","All","family","family"
"2233",0.864139727732817,-0.0629408459250126,-0.0556145816145565,-0.0704349230941535,0.0210905381725866,"LEMA","All","family","family"
"2234",0.86491884418179,-0.179426686427569,-0.00184741841261138,-0.00223017657820592,0.0541483131255448,"LEMA","All","family","family"
"2235",0.863505334419989,-0.13298168719129,-0.0817338151360649,-0.0339644015319234,0.0591347547434787,"LEMA","All","family","family"
"2236",0.857817599372622,-0.0222442133101655,0.015169012428125,-0.0605563741667363,0.0338825173027001,"LEMA","All","family","family"
"2237",0.85288045494594,0.0219597619195053,0.0138658959762032,-0.0123224964636643,0.0663018520548978,"LEMA","All","family","family"
"2238",0.852124255154468,-0.0376236607436476,0.0253523904843829,0.0798242493502318,-0.0124747746919793,"LEMA","All","family","family"
"2239",0.8668367317222,-0.0776720731066792,-0.0525835619463845,-0.00996931473441128,-0.0035006850134361,"LEMA","All","family","family"
"2240",0.85433130937815,0.0109502423844527,-0.0411428969713095,-0.024167560685804,0.0674701187983823,"LEMA","All","family","family"
"2241",0.873265214925344,0.107024553868744,-0.0683780471617506,-0.0980804111303091,0.0270147050521843,"LEMA","All","family","family"
"2242",0.881826017427068,-0.0117777761573779,-0.112254370354212,-0.193366866963463,0.00641123475307537,"LEMA","All","family","family"
"2243",0.858822068035236,0.11280657460138,-0.0188385205669067,-0.0288437180129136,0.0840193379300229,"LEMA","All","family","family"
"2244",0.846605055100145,-0.0193409811369111,0.0290373857487605,-0.0307638207559819,0.131439400863612,"LEMA","All","family","family"
"2245",0.865668033426996,0.0838587978809371,-0.0502661362574788,-0.0162933923797698,0.0736391625836591,"LEMA","All","family","family"
"2246",0.875377251838469,-0.135282190769276,-0.0852372821296735,-0.12428953466113,-0.0113235845587341,"LEMA","All","family","family"
"2247",0.862013020174295,0.125787041969113,-0.0528433035657204,-0.0472501258044886,0.000136626498016126,"LEMA","All","family","family"
"2248",0.852054482102711,-0.095931592385527,-0.00864751669091712,0.0584686064786971,0.0144101911540497,"LEMA","All","family","family"
"2249",0.871557279176221,-0.0372383405003652,-0.0995321289749596,-0.0359096355604993,0.0450007477329964,"LEMA","All","family","family"
"2250",0.861003719851696,0.15613946871347,-0.0583024193143331,-0.0447867627532457,0.0138523068404439,"LEMA","All","family","family"
"2251",0.851664896091026,-0.0290313286850216,-0.0306144466622212,0.0599922717616607,0.000891745307550678,"LEMA","All","family","family"
"2252",0.865614717371687,0.0262914527614611,-0.0191845581980347,-0.0328116073998498,-0.0225706443918386,"LEMA","All","family","family"
"2253",0.870747606781289,-0.143072951673421,-0.0420327410932563,-0.0972961960668577,0.00812787420274954,"LEMA","All","family","family"
"2254",0.859501108401108,0.0432639619344695,-0.0264413905868806,-0.0295445582647384,-0.00870539501164382,"LEMA","All","family","family"
"2255",0.86079961710601,-0.274297140011077,-0.0145539209403512,-0.0323979513215902,0.0643751347335087,"LEMA","All","family","family"
"2256",0.86617784583184,-0.097432141567056,-0.0305949072397498,-0.110280594359265,0.0382842016034837,"LEMA","All","family","family"
"2257",0.86912166678886,-0.0077989478447178,-0.0770703207317005,-0.0896408705476988,0.00567633029672338,"LEMA","All","family","family"
"2258",0.884067159766835,0.00374911915779674,-0.142831371087465,-0.117412409029059,0.0374778615418517,"LEMA","All","family","family"
"2259",0.868589600379678,-0.0353194306196302,-0.115347681516687,-0.0695500641673444,0.0199892850223242,"LEMA","All","family","family"
"2260",0.857618623316819,0.086715750815751,0.00558985516668264,-0.0402585868326715,0.0309008449320685,"LEMA","All","family","family"
"2261",0.863117162324899,-0.0761055031356306,-0.0110229041055264,0.0110859193186649,0.0120175074305524,"LEMA","All","family","family"
"2262",0.866596810358738,0.0209433242709507,-0.0561395974680198,-0.105612817194285,0.0218646649290874,"LEMA","All","family","family"
"2263",0.867256317080685,-0.0562726328512915,-0.09023300042783,-0.0542970752392263,-0.00611521519199682,"LEMA","All","family","family"
"2264",0.862480302676913,0.0118376364591739,-0.0673210095688749,-0.0998717103596075,0.0587686932116855,"LEMA","All","family","family"
"2265",0.861320174197622,-0.0926660796006736,0.0191586318018822,-0.113964613213469,0.050712382436941,"LEMA","All","family","family"
"2266",0.87216308895918,-0.22355655152829,-0.0413891912886688,0.00114209088904861,-0.0050988922964346,"LEMA","All","family","family"
"2267",0.882381716057925,-0.159003925764679,-0.0987424932305154,-0.179495476349943,0.0196668631461412,"LEMA","All","family","family"
"2268",0.85083428358687,-0.105208668942486,0.0364914294100533,0.0762922614974518,0.0268501176927086,"LEMA","All","family","family"
"2269",0.868723062105473,-0.0330962265881655,-0.116915473839464,-0.105793393257176,0.0448965882392159,"LEMA","All","family","family"
"2270",0.852371115886072,0.00890468220130791,-0.0370474962866075,0.0248605717760641,0.0127705765185662,"LEMA","All","family","family"
"2271",0.85796958574915,-0.119626629042612,-0.0378838873311428,-0.010381889711881,0.0721588211851087,"LEMA","All","family","family"
"2272",0.868584425974956,-0.249001443277697,-0.0496331101521742,-0.059525266580453,0.0440169965243035,"LEMA","All","family","family"
"2273",0.853726008807492,-0.029949334335481,-0.0396765485130341,-0.0781662512894794,0.0266483911015043,"LEMA","All","family","family"
"2274",0.864437391860893,-0.0110752946199401,-0.0565158191818105,-0.0779347297159673,0.0533869707471942,"LEMA","All","family","family"
"2275",0.845551216723844,-0.201089505182504,0.0101357489347504,0.0357448735209265,0.0376079265146733,"LEMA","All","family","family"
"2276",0.853612536918548,-0.0374213823075429,-0.0140536630487045,-0.090492163662674,0.0578846815708448,"LEMA","All","family","family"
"2277",0.860153257550861,-0.0275994972404481,-0.0945140097139328,-0.101806577405429,0.0714051129359268,"LEMA","All","family","family"
"2278",0.864420421581181,0.111211255874395,-0.0635374616841335,-0.0260170576645325,0.041414592222114,"LEMA","All","family","family"
"2279",0.866530041665051,0.142363029443719,-0.006442700244919,-0.104913113349178,-0.035702978007702,"LEMA","All","family","family"
"2280",0.850728682216379,0.0962510854697636,-0.00532167524621485,0.0334297181997475,0.0577387510664034,"LEMA","All","family","family"
"2281",0.86597811762317,-0.104534591287284,-0.0967507054231843,-0.0163071483012276,0.0355341333766036,"LEMA","All","family","family"
"2282",0.869431892008533,-0.100575739479814,-0.0580393932510577,-0.115041025224481,0.104457493201715,"LEMA","All","family","family"
"2283",0.849141684100554,-0.00816826038905349,-0.0167507321899762,-0.0332170839175672,0.087409071334,"LEMA","All","family","family"
"2284",0.87604928316842,-0.13919107267428,-0.0315520456771597,-0.133918124140024,0.00296056513550258,"LEMA","All","family","family"
"2285",0.859497681689787,-0.159540279174625,-0.044651179249803,-0.0917738192169087,0.0394666677383352,"LEMA","All","family","family"
"2286",0.861640522804852,-0.0318009662145974,-0.041448185625277,-0.0665527567351826,0.0415370845652935,"LEMA","All","family","family"
"2287",0.869541067345831,-0.0860053862351428,-0.0576759089544725,-0.00319087649343316,0.0167976284809337,"LEMA","All","family","family"
"2288",0.854634773633859,0.0122888090591484,0.0320501299858991,0.0355638183365456,0.00400147562297553,"LEMA","All","family","family"
"2289",0.873081101031883,-0.0937824261763451,-0.0792049215521343,-0.107536083821318,0.0466057853048873,"LEMA","All","family","family"
"2290",0.871849425733052,-0.097925170563443,-0.0603907336464353,-0.122643442300054,0.0976017550076285,"LEMA","All","family","family"
"2291",0.853989032130223,-0.187731339076694,0.0378247550343584,0.0348185433014622,0.00396641627468565,"LEMA","All","family","family"
"2292",0.874560869768305,-0.157060477256021,-0.0602441490973614,-0.154363365170008,-0.0230712700851303,"LEMA","All","family","family"
"2293",0.858903913142057,-0.214356503280757,0.0165170519628393,-0.00447305650385158,0.0303984029915648,"LEMA","All","family","family"
"2294",0.863239724915388,-0.242430895899145,-0.0213269910915311,-0.00179447828390171,-0.0281197642477346,"LEMA","All","family","family"
"2295",0.860830856892329,-0.0230731395130502,-0.0282620170986384,-0.0761541739375012,0.0342991222314645,"LEMA","All","family","family"
"2296",0.859342330624445,-0.154264971594151,0.00718674355471882,-0.0679404733243779,0.0388473171476007,"LEMA","All","family","family"
"2297",0.861272687009933,-0.0559909321086716,0.00260841681485902,-0.0255997040031162,-0.0100160983472096,"LEMA","All","family","family"
"2298",0.86737380514747,-0.0983062268112146,-0.0835158877325669,0.0129541714344336,0.0059659843080536,"LEMA","All","family","family"
"2299",0.868653263620408,-0.0806601041697157,-0.029068971024194,0.0180106105584279,-0.040945057066672,"LEMA","All","family","family"
"2300",0.870946486586806,0.0225487623972762,-0.0959482391174107,-0.0716780815823139,0.0426388152895852,"LEMA","All","family","family"
"2301",0.86328256030899,-0.0221974975130658,-0.0567821188978488,-0.038370649802867,-0.00248711053039231,"LEMA","All","family","family"
"2302",0.852676020809937,-0.18403860635096,-0.00204261261797822,-0.0125774466514921,0.0611089856506244,"LEMA","All","family","family"
"2303",0.861656908755093,-0.103634286249299,-0.0401301196626161,-0.0598842990402336,0.00374875178656455,"LEMA","All","family","family"
"2304",0.857150285463838,-0.0919232671296915,-0.00731322512038834,0.0826208189384873,0.031916505668293,"LEMA","All","family","family"
"2305",0.86205531627393,-0.0204665303661156,-0.0478646728077772,0.0351948654501768,0.0443165342983969,"LEMA","All","family","family"
"2306",0.870775574080558,0.0366679088505815,-0.0859388490340329,-0.1215607479134,0.016399607899089,"LEMA","All","family","family"
"2307",0.850145381408061,0.0126621825582971,0.0340924616738123,0.0652798293113123,0.00467309759717661,"LEMA","All","family","family"
"2308",0.8696195484032,-0.19373182596115,-0.0379195626204867,0.0610965636377202,-0.0289460557151249,"LEMA","All","family","family"
"2309",0.863818420715653,0.0307693770296225,-0.0454503962112968,-0.0643575321817367,0.0222759772522952,"LEMA","All","family","family"
"2310",0.872100248179034,-0.0822987506966316,-0.0172646918717051,-0.046028319972578,-0.0354606796094487,"LEMA","All","family","family"
"2311",0.856717457735733,-0.110994782831383,-0.0325670154818138,-0.0387067918407767,0.00393773296062528,"LEMA","All","family","family"
"2312",0.857716298215731,0.107118139352305,-0.0125900220901627,-0.0438218140026419,0.030143414745467,"LEMA","All","family","family"
"2313",0.855598781582665,-0.0563364404311367,-0.0230375186903192,0.00752876480052793,0.0294475163388066,"LEMA","All","family","family"
"2314",0.849823028804219,0.0205659637448601,0.0114746335785931,-0.0277540775515921,0.0570835485597025,"LEMA","All","family","family"
"2315",0.864131481515356,0.118748523966607,-0.0166218024317277,-0.00144161696123576,-0.026166579505896,"LEMA","All","family","family"
"2316",0.855963885889411,0.0710866327581168,-0.0488138520552499,-0.037289921031324,0.0520466309225387,"LEMA","All","family","family"
"2317",0.855459148118943,-0.0341169289195152,-0.00806789345787839,-0.0750265009309337,0.0617439472425167,"LEMA","All","family","family"
"2318",0.864621156132434,-0.25480118162447,-0.00323891403178977,-0.0846998283899457,0.0684553241028732,"LEMA","All","family","family"
"2319",0.871388498058464,-0.161166151158547,-0.0873046663573661,-0.0350058516183349,0.0327285563016447,"LEMA","All","family","family"
"2320",0.853325061177125,-0.0943401594372006,-0.0102298121309706,0.0843611002440466,0.0627923599985085,"LEMA","All","family","family"
"2321",0.863580099358093,-0.0408477890378703,-0.0583484904427303,0.0251446252513956,0.0209167125577929,"LEMA","All","family","family"
"2322",0.867818131095101,-0.183639419003482,-0.0948613506860829,-0.0625533017459139,0.038417879202816,"LEMA","All","family","family"
"2323",0.855939227241722,-0.182634057989094,-0.0152490670753606,-0.046068419327049,0.0907007575399019,"LEMA","All","family","family"
"2324",0.878569500919149,-0.195107607743214,-0.0715850066119884,-0.116920504102213,-0.0354741521873177,"LEMA","All","family","family"
"2325",0.846374039674925,-0.0404970187760906,0.0125443108692969,0.0603949807182718,0.0231817123451388,"LEMA","All","family","family"
"2326",0.872736367930417,-0.173438652120485,-0.0684589603449047,-0.0717864568862493,-0.025401839488594,"LEMA","All","family","family"
"2327",0.862899159790268,-0.127902408311818,-0.0475195941141805,0.00295023639691126,0.0233995236986579,"LEMA","All","family","family"
"2328",0.869980257839585,-0.120572826074575,-0.0794437416493428,-0.186699424697385,0.0580949247079134,"LEMA","All","family","family"
"2329",0.858293234861887,-0.0565434417468785,-0.00440558658603085,-0.0204090676908123,0.00711151957773377,"LEMA","All","family","family"
"2330",0.853683665129188,-0.109007977819075,-0.0340837728039136,0.0665982307100948,0.0130406479821241,"LEMA","All","family","family"
"2331",0.855124995686081,-0.070666279163431,-0.0294054801934971,0.0461799385870842,0.0150507628176335,"LEMA","All","family","family"
"2332",0.869105877507048,-0.0243244550449372,-0.0979411253015129,-0.0654858026155113,-0.0109391631803229,"LEMA","All","family","family"
"2333",0.855611656855997,0.129499861299939,-0.0555688717212903,-0.0956807783259497,0.115364188388568,"LEMA","All","family","family"
"2334",0.858762769501288,0.0193089177334342,-0.0201846695453103,-0.0152731925883719,0.0542383193100354,"LEMA","All","family","family"
"2335",0.862443116179431,-0.0209965936051659,-0.0527370326883954,-0.0589403249358728,0.068219120552085,"LEMA","All","family","family"
"2336",0.860188327150194,-0.0771653471185654,0.00208775672319939,-0.0182518367440677,0.00239931758921434,"LEMA","All","family","family"
"2337",0.859221615645382,-0.137845547778964,-0.036129402531758,-0.0786403657469916,0.0283901380843389,"LEMA","All","family","family"
"2338",0.85821082505034,0.0832796727770755,-0.0103937905825728,-0.0154232857039702,-0.0057006235936887,"LEMA","All","family","family"
"2339",0.88171676441562,-0.00216210697298402,-0.095572219315626,-0.0935850118526846,-0.00800850475564892,"LEMA","All","family","family"
"2340",0.86481258513434,-0.071277260555446,-0.0105320003136794,-0.143845664406844,0.000988240080969337,"LEMA","All","family","family"
"2341",0.868137435353061,-0.294006940750526,-0.0642364848390831,-0.0564217048299191,0.0335404188552196,"LEMA","All","family","family"
"2342",0.87345635356675,-0.0725393288427714,-0.0367314352296609,-0.140828710318385,-0.0109373634951873,"LEMA","All","family","family"
"2343",0.861507758109816,0.0237212822682353,-0.0333928981269432,0.0158928461081167,-0.0197366989051958,"LEMA","All","family","family"
"2344",0.853974290737657,-0.201312884271571,0.0121984531987704,0.0473791642748055,0.033768019494925,"LEMA","All","family","family"
"2345",0.855952324694852,0.023845927280584,0.00766897831040114,-0.0766648677024988,0.0593287903624178,"LEMA","All","family","family"
"2346",0.869762530494132,-0.02203687722314,-0.0545338617802269,-0.104475868978624,-0.0150314445177414,"LEMA","All","family","family"
"2347",0.877069769346354,-0.0925635499367284,-0.136326676980063,-0.0769254058664173,0.0173558254865873,"LEMA","All","family","family"
"2348",0.863936952387395,0.131563804797987,-0.0297530997996052,-0.0920222081710005,0.0265131140425517,"LEMA","All","family","family"
"2349",0.863346538264988,-0.0645255244970229,-0.0137233755861926,-0.0437045473562856,-0.0193816559607252,"LEMA","All","family","family"
"2350",0.861737155840452,-0.132342761823965,-0.0220896422212932,-0.045512639136013,0.0333353744905897,"LEMA","All","family","family"
"2351",0.86153857727032,0.0293104860126292,-0.0537761066419314,-0.135689672550615,0.104256923424482,"LEMA","All","family","family"
"2352",0.860092098736574,-0.120872505536127,0.00682612698896312,-0.0454319747314036,0.0471830466780318,"LEMA","All","family","family"
"2353",0.853137850827219,-0.0856276049905337,-0.0292665235164721,-0.0172230554569073,0.0762889419466705,"LEMA","All","family","family"
"2354",0.868077393166478,-0.0853782887043716,-0.0750320693612805,-0.0800911654454047,-0.025487947634614,"LEMA","All","family","family"
"2355",0.880745068940505,-0.130402220224308,-0.0893872457581801,-0.0762064939687603,-0.0277624081324601,"LEMA","All","family","family"
"2356",0.857909071890834,-0.294553395001156,-0.0216116948754285,-0.0972683039469334,0.143740391769523,"LEMA","All","family","family"
"2357",0.868475819191927,-0.0540899959271084,-0.0246124431534959,-0.123035785000919,0.0067757924609222,"LEMA","All","family","family"
"2358",0.866545792060616,-0.0136164709590317,-0.0593833197462708,-0.0280437794760729,0.0236805268609332,"LEMA","All","family","family"
"2359",0.854215607082119,0.0433280058694232,-0.00515221944741495,-0.00376586009284451,0.0453779717633912,"LEMA","All","family","family"
"2360",0.863386285202249,-0.123541407037009,0.0355678168090374,-0.00524230404478651,-0.00945933842816752,"LEMA","All","family","family"
"2361",0.853202284267343,-0.0474600152442896,0.000766062008577206,0.0136659106434257,0.0265263528918317,"LEMA","All","family","family"
"2362",0.857490419649232,0.0109489074564442,-0.00292460626214675,-0.0100747329677676,0.0162822545239881,"LEMA","All","family","family"
"2363",0.866130431700533,-0.0515734484739196,-0.0431631328948181,-0.0269960565084571,0.0138125120415931,"LEMA","All","family","family"
"2364",0.871459927148141,-0.0187269760852379,-0.0917596996605483,-0.0679646379307164,-0.00361171127466679,"LEMA","All","family","family"
"2365",0.862309581584948,-0.0198537833245342,-0.0356785254325052,-0.00674763358409803,0.0343071244355265,"LEMA","All","family","family"
"2366",0.861526532291931,0.0325356940042341,-0.00980727398246695,0.0323703234585283,0.105233502473598,"LEMA","All","family","family"
"2367",0.873236423427153,0.0764772645251122,-0.0606470914318226,-0.0819845790993498,-0.0276999885815984,"LEMA","All","family","family"
"2368",0.866040467546452,-0.0477119055448928,-0.0356776296587497,-0.0531131409834573,0.00511164313484784,"LEMA","All","family","family"
"2369",0.86116508332986,-0.229825432852029,-0.0126735415165946,0.00707995163128815,0.0140292227204514,"LEMA","All","family","family"
"2370",0.852362623941752,0.125430639441446,-0.015381330176538,-0.0419053030769408,0.0698641027202208,"LEMA","All","family","family"
"2371",0.853759782302444,-0.0940191648180754,-0.00165869645198458,0.0407983728329792,0.085510931203459,"LEMA","All","family","family"
"2372",0.862391881507638,0.0440579382615676,-0.068029646179441,0.0356967825139548,0.00533047397118502,"LEMA","All","family","family"
"2373",0.856243430925729,0.0591195630589074,0.000194138504575836,0.0122896160338523,0.0285497436698665,"LEMA","All","family","family"
"2374",0.867324090486687,-0.113419438472714,-0.0721523889809184,-0.0237663456670028,-0.0263994952735855,"LEMA","All","family","family"
"2375",0.85772619269543,-0.108870894962181,0.00061107399950977,0.0448603160629091,0.038217850663033,"LEMA","All","family","family"
"2376",0.850450871207065,0.0446993109095051,-0.0107718537252375,0.0224112647578831,0.0301123712232089,"LEMA","All","family","family"
"2377",0.862987694716375,-0.0541591376594878,-0.0563892552174875,-0.0523625052758353,0.0756909620181603,"LEMA","All","family","family"
"2378",0.853731517686147,-0.172864735784324,-0.0185992345156276,-0.0840729399495947,0.000685344921269759,"LEMA","All","family","family"
"2379",0.849565506968668,-0.0130706904731819,0.011766226891025,-0.0328020532776047,0.105908312561164,"LEMA","All","family","family"
"2380",0.872399944690588,0.207471445288061,-0.0673765168006352,-0.0899086645383445,0.0480299870924447,"LEMA","All","family","family"
"2381",0.874402704332311,-0.163148165251403,-0.0810828118636365,-0.0129867925453284,0.066535487733664,"LEMA","All","family","family"
"2382",0.870363623907674,0.0767695958223453,-0.0525634122236892,-0.104287427861426,0.0546541695120438,"LEMA","All","family","family"
"2383",0.856053861502311,-0.151789549243261,0.00189176043640171,0.0192064798903552,0.0490651750871245,"LEMA","All","family","family"
"2384",0.867878809626893,-0.0967649098472665,-0.0438710574177525,-0.0788812327765935,-0.0036272157549223,"LEMA","All","family","family"
"2385",0.851400465303931,0.0125130825321544,0.012397815449982,0.0775528456079951,0.00821826262499428,"LEMA","All","family","family"
"2386",0.858862874285867,-0.0521313369266726,-0.0102640577545361,-0.0500697869590719,0.0245485675236734,"LEMA","All","family","family"
"2387",0.860446271005111,-0.062130721317853,-0.0212533715988963,0.0048243039490172,-0.0241263139755542,"LEMA","All","family","family"
"2388",0.868333125721903,-0.224536607206634,-0.0813683478848763,0.0278704470912678,0.0123433298296688,"LEMA","All","family","family"
"2389",0.852205374323548,-0.0209660934918497,-0.030403913740252,-0.0336499350682077,0.0916248892028074,"LEMA","All","family","family"
"2390",0.869029724196021,0.0328609761039169,-0.0592940513500739,-0.0971169877607226,0.0610846080317586,"LEMA","All","family","family"
"2391",0.854723235763157,-0.000498465910263368,-0.052247979923335,0.0119057282756593,0.0642304973780218,"LEMA","All","family","family"
"2392",0.872705517379803,0.000880917724554564,-0.128090407258267,-0.109447336830896,0.0881897968556148,"LEMA","All","family","family"
"2393",0.867156694812469,-0.14997925968449,-0.053551914029403,-0.0583709902610006,0.00500887329977601,"LEMA","All","family","family"
"2394",0.85195036057219,-0.00455882171823485,0.0242257489105258,-0.00857782747185067,0.0412363080682994,"LEMA","All","family","family"
"2395",0.861659941342685,-0.0759299767647857,-0.0784013307543664,-0.0863893307558402,0.108036341759014,"LEMA","All","family","family"
"2396",0.868005021179312,-0.0450376572070097,-0.0548769133946058,-0.0321287200442162,0.0112665589114633,"LEMA","All","family","family"
"2397",0.861863128645639,-0.084738314535839,-0.0154888900808021,-0.0207254800244068,-0.00193813994145716,"LEMA","All","family","family"
"2398",0.852309063489043,-0.0488718254708757,0.0522843935367423,0.0874294094762504,-0.00550404387989587,"LEMA","All","family","family"
"2399",0.856876030886654,0.00465877078212373,-0.06525702668714,0.0459102248800624,0.0123958412906042,"LEMA","All","family","family"
"2400",0.880998278120438,-0.133023029941538,-0.0878494084951926,-0.0548951679324561,0.00921555903982104,"LEMA","All","family","family"
"2401",0.875105964777054,-0.118563472762735,-0.0904074634602554,-0.165030326424306,0.03492911563647,"LEMA","All","family","family"
"2402",0.860210170871798,-0.0440959438207088,-0.0303089941985183,-0.00258468496860019,-0.00155716967414248,"LEMA","All","family","family"
"2403",0.860838269008877,-0.140336210789746,-0.0275747231733121,0.0713889847069905,-0.00105026002740166,"LEMA","All","family","family"
"2404",0.859893662706866,-0.0674713139047233,-0.00763711515615406,-0.0101251073553807,0.0549212659838235,"LEMA","All","family","family"
"2405",0.858034156707357,0.0664408760454198,-0.00334063928009931,-0.0763573686463098,0.0565680365610289,"LEMA","All","family","family"
"2406",0.854702638054292,-0.0414363342300678,0.0102932408138041,0.00172560276220828,0.0196908847128806,"LEMA","All","family","family"
"2407",0.866335187174608,0.118772989152059,-0.0747871150333588,-0.119962760127203,-0.0295867929016603,"LEMA","All","family","family"
"2408",0.869111406533195,-0.183634956024074,-0.0991800562538148,-0.0576233946010182,-0.0519948733530395,"LEMA","All","family","family"
"2409",0.860903382847675,-0.202386113594374,-0.00733584664268772,0.0748924942078117,0.0289456422868891,"LEMA","All","family","family"
"2410",0.864685506796973,-0.114127559492134,-0.0173439392578016,-0.0982671285310006,0.0642130830514755,"LEMA","All","family","family"
"2411",0.871891778398116,-0.0338155107575884,-0.0881091337860008,-0.119557940663801,0.0152099680425709,"LEMA","All","family","family"
"2412",0.864230774405349,-0.0965841751521134,-0.0690321883662548,-0.0843284477227761,0.058540553595907,"LEMA","All","family","family"
"2413",0.86471668293628,-0.00346173835675567,-0.0407915458030603,-0.046519431383797,-0.0142254243495292,"LEMA","All","family","family"
"2414",0.857813850338458,-0.0173143277628873,-0.0586025026852378,0.120327298689302,0.0805046283465111,"LEMA","All","family","family"
"2415",0.860496100714711,-0.106925563368112,-0.0258084914767281,0.00960192705505485,-0.00404028953385034,"LEMA","All","family","family"
"2416",0.868836317462431,0.0175929927748648,-0.106043382546333,-0.116701076382904,0.0573951218566681,"LEMA","All","family","family"
"2417",0.847980222319233,-0.131858847703851,0.0138720759237523,0.11729271904574,0.0260152185383123,"LEMA","All","family","family"
"2418",0.863607295851739,-0.179005024317003,-0.0370597468920277,-0.0322624315511349,0.010192231199315,"LEMA","All","family","family"
"2419",0.862181198339198,0.0206115515102516,-0.0476722296546678,-0.0765348810193734,0.0276686424791249,"LEMA","All","family","family"
"2420",0.852468905201984,-0.104686265422866,-0.0107927464063687,0.0514877745821024,0.0368763385199643,"LEMA","All","family","family"
"2421",0.85387087999377,0.000278993781366976,-0.0156744756556253,-0.0291608959613528,-0.0159547679979276,"LEMA","All","family","family"
"2422",0.868516759646748,-0.239959259849112,-0.094687164177667,0.0137772411429767,0.0299925058195265,"LEMA","All","family","family"
"2423",0.852525713809076,-0.00240893069651804,0.000252373675109219,0.07265478421596,-0.0057902259800827,"LEMA","All","family","family"
"2424",0.865759914607974,0.021421575508169,-0.0542601187181631,-0.00364271612719921,-0.0398351987549225,"LEMA","All","family","family"
"2425",0.850140534568715,0.207186290514344,-0.0116453153374696,-0.0873925382741041,0.0048629511555762,"LEMA","All","family","family"
"2426",0.851424152725828,-0.114448170382074,0.00212303042128004,-0.07564925890304,0.0557476576549058,"LEMA","All","family","family"
"2427",0.851570573738885,0.0996011491143278,-0.00155895099453685,0.0066039787631771,0.0868068704046632,"LEMA","All","family","family"
"2428",0.865642748450857,0.110625870549684,-0.0309192212271951,-0.0925011627632758,-0.0192952669118418,"LEMA","All","family","family"
"2429",0.862501591046819,0.122424511448109,-0.00675506921072622,-0.0540593537003972,-0.0718076704726886,"LEMA","All","family","family"
"2430",0.842231471585745,0.0556235562103629,0.0152349389471873,0.0193131172738294,0.10278035756639,"LEMA","All","family","family"
"2431",0.852249685582249,0.0295687675954051,0.0109840710426106,0.00147962816497006,-0.0015234350884534,"LEMA","All","family","family"
"2432",0.851215844363249,0.0510328616130369,-0.0180248001193597,-0.0317551380766547,0.0880580135164637,"LEMA","All","family","family"
"2433",0.865557995555487,-0.109853870103759,-0.0178248250829282,-0.0548247304567752,0.0263084431999376,"LEMA","All","family","family"
"2434",0.845810391852986,-0.0935348972740422,0.064885631437708,-0.0593789603136853,0.0525234056081126,"LEMA","All","family","family"
"2435",0.86654301071257,-0.181400585231104,-0.0320353796259996,-0.0223380480582322,0.013650519579822,"LEMA","All","family","family"
"2436",0.852949494799289,0.103133192932613,-0.0117143503744596,0.0119062975302913,0.0156009194105184,"LEMA","All","family","family"
"2437",0.865951631819572,-0.0255975403073926,-0.062007789672016,-0.0947224899126363,-0.00943640994038181,"LEMA","All","family","family"
"2438",0.855078603592492,-0.0258115179902373,-0.0285227892624405,-0.0782936202929014,0.0858724447319126,"LEMA","All","family","family"
"2439",0.865345894263225,0.00958883402104238,-0.0591792598952594,-0.00726537100264014,-0.0277027510683415,"LEMA","All","family","family"
"2440",0.865084350804547,-0.230825891151844,-0.071970894343637,-0.105942881759792,0.112640737129799,"LEMA","All","family","family"
"2441",0.85560959181241,-0.0471355729717347,-0.000823287256369154,0.0394705908539194,0.0348416927203329,"LEMA","All","family","family"
"2442",0.877868442636392,-0.143210033998916,-0.0841223435809125,-0.167508731539682,0.0336657855272833,"LEMA","All","family","family"
"2443",0.851961222127888,0.0193685592639818,-0.0263010191970815,-0.0228612917480885,0.0292695651626226,"LEMA","All","family","family"
"2444",0.853018475533989,0.000440120502839481,-0.0144310001258952,-0.0401215282691652,0.0332352135819893,"LEMA","All","family","family"
"2445",0.860618972167687,-0.108815259102506,-0.0179350929618487,-0.0879863266793354,0.0207419458329495,"LEMA","All","family","family"
"2446",0.867245002746655,-0.112509813727631,-0.0505354132540696,0.0453424701844509,-0.0222535027741906,"LEMA","All","family","family"
"2447",0.865739075348923,-0.0711338079196749,-0.0886361683999265,-0.0843980932884745,0.0499855999261571,"LEMA","All","family","family"
"2448",0.862169545950552,-0.00869640306260611,-0.0454801520976962,-0.0869464034112052,-0.0118202991114208,"LEMA","All","family","family"
"2449",0.862490824774898,-0.106540476461303,-0.00786039485447476,-0.0170683867820541,-0.0296863873893501,"LEMA","All","family","family"
"2450",0.863123436533511,0.116859390914308,-0.037564329969591,-0.0654016751939339,0.0132097303257128,"LEMA","All","family","family"
"2451",0.856887230842298,-0.157320315393633,0.00381774008445745,-0.0144451109759913,-0.0253665531781911,"LEMA","All","family","family"
"2452",0.856169203335215,-0.0351474066765401,-0.0235368063850441,0.0273987840926061,0.000587945561527713,"LEMA","All","family","family"
"2453",0.865189658748442,0.0429145536270612,-0.0236597540975755,-0.048202889079938,0.0334038518842063,"LEMA","All","family","family"
"2454",0.873048115782001,-0.174217609930235,-0.00890747641637557,-0.0369003448979865,-0.0280945945538127,"LEMA","All","family","family"
"2455",0.855175167692079,-0.0262744946183205,-0.0411329457751092,0.0874954547353207,0.0557760753460444,"LEMA","All","family","family"
"2456",0.873628125202634,-0.0898963952446148,-0.108944128677915,-0.109478589404455,0.0282789296251294,"LEMA","All","family","family"
"2457",0.87700765320248,-0.184431455002203,-0.0859711685449348,-0.127923512425652,-0.00670077439007875,"LEMA","All","family","family"
"2458",0.873128041728806,-0.0093645012839344,-0.0207101046252237,-0.071346177494515,-0.0317411584546016,"LEMA","All","family","family"
"2459",0.859005757198601,-0.0131783896710105,-0.0119330540260074,-0.0923645115776231,0.0715272064458085,"LEMA","All","family","family"
"2460",0.873759487653594,0.00247761957473669,-0.114408650901809,-0.133727938366458,-0.0393488402591682,"LEMA","All","family","family"
"2461",0.873191846685377,-0.161758420595171,-0.123937259981764,-0.00386494194294226,0.0728615106303075,"LEMA","All","family","family"
"2462",0.853322954652454,-0.0851722287599818,-0.0357927396806789,0.00605067628192577,0.0535078698161627,"LEMA","All","family","family"
"2463",0.858784842993395,-0.069194774664284,-0.0534227222576547,0.0390436432658493,0.014277864110952,"LEMA","All","family","family"
"2464",0.863019693035263,0.0192821046308354,-0.0473380430207323,-0.0528021228250892,0.0488698039943887,"LEMA","All","family","family"
"2465",0.86141788075106,-0.0821753784371198,0.0064317954625992,0.0146220787072704,-0.0260889333725662,"LEMA","All","family","family"
"2466",0.867020903750122,-0.172451834036639,-0.0704827602098218,-0.0280620512024144,0.0214249483289857,"LEMA","All","family","family"
"2467",0.877290468901991,-0.149016079636663,-0.100109741617018,-0.113015193572848,0.0333549809849047,"LEMA","All","family","family"
"2468",0.855129489658666,-0.0350731484234311,0.00852586071949712,-0.0585532792043464,0.00553105862527691,"LEMA","All","family","family"
"2469",0.852671283862923,-0.0865310196288953,0.00850211369901244,-0.0481433939745959,-0.02189188904037,"LEMA","All","family","family"
"2470",0.863398862597995,-0.208943161804387,-0.0286579187852058,-0.02850074484379,0.0113035898864407,"LEMA","All","family","family"
"2471",0.846314878751497,0.0598411826532157,0.0116064045761957,-0.00935492139558232,0.0591765251182604,"LEMA","All","family","family"
"2472",0.855743266563307,-0.230961413771999,-0.0494822491995378,0.00856112297615345,0.100236573102994,"LEMA","All","family","family"
"2473",0.863308153664237,0.0384409491452062,-0.046617671357436,-0.0579084185136725,0.0185097719939404,"LEMA","All","family","family"
"2474",0.867348021168484,-0.184801888539636,-0.0205697738655224,-0.117329516029441,0.0561716868504162,"LEMA","All","family","family"
"2475",0.87127627952017,-0.0935049423242921,-0.0123039729712255,-0.0623944017580946,-0.0848183920283134,"LEMA","All","family","family"
"2476",0.859095238896422,-0.0171900309340596,-0.026270705248293,-0.0428233404986442,-0.0083170379077691,"LEMA","All","family","family"
"2477",0.858473272161235,0.0659772976381445,0.010747814527776,-0.124236828738947,-0.0164215398121459,"LEMA","All","family","family"
"2478",0.845493330529591,0.0759191026762798,0.0380671999500692,0.0432139843603274,0.0265642192903958,"LEMA","All","family","family"
"2479",0.866270266509193,-0.0535677331430062,-0.0385011722397133,-0.127923980138513,0.0337810497410667,"LEMA","All","family","family"
"2480",0.875408088393989,-0.145641172425563,-0.0626233384829141,-0.129551535401609,-0.00883806196394168,"LEMA","All","family","family"
"2481",0.844633023989441,-0.0872302410387689,0.00594583855043052,0.064025230902256,0.0579820554836036,"LEMA","All","family","family"
"2482",0.863346482125358,0.0522158952999301,0.0295033720415561,-0.0856769074200203,-0.00417285923095004,"LEMA","All","family","family"
"2483",0.862223384928084,-0.0606710140101395,-0.00321708570561841,-0.0159952136129572,0.0150405574327175,"LEMA","All","family","family"
"2484",0.858773665786454,-0.0637200474166675,-0.0713288823020022,0.0207961152347674,0.0605556288067296,"LEMA","All","family","family"
"2485",0.868714100663648,-0.118700983395683,-0.10552752610332,0.0428740513769131,0.0158440024535958,"LEMA","All","family","family"
"2486",0.856978638555701,0.0458232032226713,0.00838224264808596,-0.000516637046290565,-0.0401591766506658,"LEMA","All","family","family"
"2487",0.866949644293043,-0.146511065655165,-0.0550008574656115,-0.00392880053863041,-0.0247225547631282,"LEMA","All","family","family"
"2488",0.864697857421053,-0.0927056242744629,-0.0663666108642725,-0.0587165139939644,0.00858311450391843,"LEMA","All","family","family"
"2489",0.856649615423781,0.0958344080001239,-0.00629584252393867,0.0164377098460111,0.00821842040197239,"LEMA","All","family","family"
"2490",0.847983902445718,-0.0198283329358357,0.0239373230722306,0.0168988718165952,0.0511708450136449,"LEMA","All","family","family"
"2491",0.860888968884066,-0.133632436384005,-0.00913848919410953,-0.0505252452464277,0.021783917149951,"LEMA","All","family","family"
"2492",0.866505990011045,-0.0505107866413534,-0.0529132880255259,-0.0532699230234515,-0.0135662244833918,"LEMA","All","family","family"
"2493",0.861829212549382,-0.327185406878607,-0.0101443662140337,0.00121163212208941,0.0815323568072341,"LEMA","All","family","family"
"2494",0.845948072171828,0.00211359037763614,0.00310359763215184,0.0903173717848737,0.0391845599329158,"LEMA","All","family","family"
"2495",0.847955233210916,-0.112766289905642,0.0394162780501623,0.0408822015159594,0.0342344095981805,"LEMA","All","family","family"
"2496",0.866161392098675,-0.0403233013802087,-0.0672958397718973,-0.0698569072588714,-0.00125000235825814,"LEMA","All","family","family"
"2497",0.855252575153925,0.040749497712596,-0.020156573565158,0.0847465673747791,0.0545900090700264,"LEMA","All","family","family"
"2498",0.865028380721456,0.039023418229962,-0.0661083608355973,0.00309534699364654,0.0521881922097868,"LEMA","All","family","family"
"2499",0.860112747389627,-0.0360020795677304,-0.0692320895375368,-0.0347868698963903,0.04473185066756,"LEMA","All","family","family"
"2500",0.85333693201112,0.0926782997052633,0.00136499565625359,-0.0671822382667775,0.0570894028603876,"LEMA","All","family","family"
"2501",0.853198225298274,0.182204821768215,0.00672791426614205,-0.00526145585122,0.0241439875763414,"LEMA","All","family","family"
"2502",0.854738005729886,-0.0171565784731136,-0.0127016399553729,-0.0630434532531289,0.0778686783438614,"LEMA","All","family","family"
"2503",0.865676381374072,0.0420757281566877,-0.0569292570453624,-0.0661034942333337,0.0588996894920536,"LEMA","All","family","family"
"2504",0.857755895411061,-0.117605004989837,-0.00470484136347027,-0.0504895060900641,0.0138843385514301,"LEMA","All","family","family"
"2505",0.861742653702354,-0.0292930849887392,-0.0126898043377218,-0.106669577794683,0.0171047992758296,"LEMA","All","family","family"
"2506",0.864836600647591,-0.0140510650911956,-0.0576966819774435,-0.169527645351658,0.0470207610802714,"LEMA","All","family","family"
"2507",0.86832999125645,-0.106936884578268,-0.0524472721621797,0.0411889502677116,-0.0724955604346756,"LEMA","All","family","family"
"2508",0.863168615403109,-0.0477940612923629,-0.0349805101332878,-0.140891321350012,0.0538520747811913,"LEMA","All","family","family"
"2509",0.866066595465246,0.0106191295571088,-0.0716466004232104,-0.000686367204453159,0.0220017953518624,"LEMA","All","family","family"
"2510",0.872670694754104,0.202067245884249,-0.0360087575728505,-0.129341741714047,0.00346961413421211,"LEMA","All","family","family"
"2511",0.860775885900843,-0.0590389532534734,-0.0151619818254475,-0.0826396936299676,0.0292114356026993,"LEMA","All","family","family"
"2512",0.863357430215746,0.0257547079114222,-0.0148375489186982,-0.0853581949769985,-0.0235482051641566,"LEMA","All","family","family"
"2513",0.859456222580888,-0.214404790654832,-0.0467907767039744,0.0223404107369517,0.0656264266276557,"LEMA","All","family","family"
"2514",0.860084779718985,-0.203490337808591,-0.0309637064282762,0.0438770202256558,0.0627427217045423,"LEMA","All","family","family"
"2515",0.851200417863447,-0.0520753477472401,0.00151215308006547,-0.0318099371127177,0.0364367937416852,"LEMA","All","family","family"
"2516",0.868283240362834,0.131982915054557,-0.0694320029366478,-0.061603252631726,-0.00901828889009665,"LEMA","All","family","family"
"2517",0.868697246353725,-0.118221889166769,-0.0388122147187464,-0.021595555425095,0.0516426826370835,"LEMA","All","family","family"
"2518",0.862898215050767,-0.0376114520203119,-0.02848692987655,-0.0751014960397566,0.0594895255448383,"LEMA","All","family","family"
"2519",0.856790900406713,0.00766744340937553,-0.0379613807980346,-0.112251609883062,0.0299827773388531,"LEMA","All","family","family"
"2520",0.868675354091023,-0.152657312840601,-0.0903031741222865,-0.153390570131134,0.0536754510781891,"LEMA","All","family","family"
"2521",0.863689666994367,0.0126582534533208,-0.0606515999888534,-0.0357934926228359,0.0122501181211702,"LEMA","All","family","family"
"2522",0.861222407511285,-0.19305453798558,-0.0204893710530544,0.0284253307024777,-0.0538356097952656,"LEMA","All","family","family"
"2523",0.865210629170853,-0.125799828229871,-0.035465966393523,0.00870327866898326,0.0302706883258944,"LEMA","All","family","family"
"2524",0.862079863192891,0.0816981499080838,-0.0327301991271018,-0.00806859400115514,0.00382084356564616,"LEMA","All","family","family"
"2525",0.859188704603705,0.137608740550614,0.020824873676774,-0.00425489587451034,0.00580988914942587,"LEMA","All","family","family"
"2526",0.860331352457512,-0.00850244456595484,-0.044183331832055,0.0418207068438007,-0.0059227365831944,"LEMA","All","family","family"
"2527",0.858296485891822,-0.156051097835282,-0.0095903514393626,-0.0183626396444873,0.0624252149044384,"LEMA","All","family","family"
"2528",0.86133754614308,-0.101320640932162,-0.0186509367591655,-0.0312652478874952,0.00622186718167405,"LEMA","All","family","family"
"2529",0.856638631718117,0.025181291613801,0.000868209690690902,-0.0117881724410616,-0.0101370617356957,"LEMA","All","family","family"
"2530",0.85924638841906,0.0559391884918483,-0.02363906378286,-0.0378011266274862,-0.0119953654212185,"LEMA","All","family","family"
"2531",0.869699561548651,-0.0955671203821413,-0.0208321844851665,-0.0347178741935442,-0.0238225385457024,"LEMA","All","family","family"
"2532",0.855655849555581,-0.0122832969098181,-0.0114225254246073,-0.00199422596260188,0.0647809743939702,"LEMA","All","family","family"
"2533",0.861864931936616,-0.0865652468602378,-0.0378804020516555,0.0328002093015144,0.01127613334558,"LEMA","All","family","family"
"2534",0.861140444677516,-0.0631994151839121,-0.00133101024094784,-0.097604454677339,0.0764607622805596,"LEMA","All","family","family"
"2535",0.867846712425149,-0.0973162018130347,-0.0976355014424518,-0.0731153800658779,0.0712102368727155,"LEMA","All","family","family"
"2536",0.860713874894163,0.0230914000600295,-0.0281339949316409,-0.0756189005998468,0.0252684059149608,"LEMA","All","family","family"
"2537",0.863448078355364,0.0308404315783808,-0.0575289810712331,-0.00622404746990307,0.0192299996938869,"LEMA","All","family","family"
"2538",0.862413514898785,-0.0416043383090026,0.0164640788253652,-0.0639655779015589,0.00611851284618621,"LEMA","All","family","family"
"2539",0.858116173542962,-0.0614052980746702,-0.00444525289873021,-0.0141879259123749,-0.0503787456825849,"LEMA","All","family","family"
"2540",0.85749411596624,0.0748368529689227,-0.0073621905088509,0.059819683212058,0.0294191793472052,"LEMA","All","family","family"
"2541",0.85367732991883,-0.118982624950825,-0.0334615037368541,0.0563027851373958,-0.00038645866263534,"LEMA","All","family","family"
"2542",0.859936186308702,-0.025952737176566,0.0131320425740742,-0.0415180380258185,-0.0312804002841966,"LEMA","All","family","family"
"2543",0.867141357452248,-0.0749174588845219,-0.0924319482937117,-0.138755528204372,0.0630547216530692,"LEMA","All","family","family"
"2544",0.86209848472946,-0.0384712470931636,0.00475420143213534,-0.135005925429574,0.0665442641041307,"LEMA","All","family","family"
"2545",0.847465790147481,-0.0282989067426621,0.0218772635231397,-0.0182498089985729,0.0417263525977697,"LEMA","All","family","family"
"2546",0.868979886958773,-0.050351383328859,-0.0270941708815224,-0.061872363296933,0.0190286937007752,"LEMA","All","family","family"
"2547",0.880660705190132,-0.11021060544339,-0.0481572548698843,-0.0338240065990625,0.0215061747991433,"LEMA","All","family","family"
"2548",0.8566620497078,0.0259937782275763,-0.0200872234349352,-0.0112534110959988,0.0178423998316971,"LEMA","All","family","family"
"2549",0.857164789507954,-0.0945373744445103,-0.0173496032553672,0.00410199068019087,0.0195772890254759,"LEMA","All","family","family"
"2550",0.847738771580426,-0.0512111596994067,0.0267641432057648,-0.0062453212707835,0.0794808828927708,"LEMA","All","family","family"
"2551",0.868476985141113,-0.0350193598106878,-0.0879478331539042,-0.134020522424485,0.0978265887508916,"LEMA","All","family","family"
"2552",0.860949239901218,-0.0949075706262646,-0.0168709242723156,-0.0346090815067194,0.0354118147029779,"LEMA","All","family","family"
"2553",0.862145658456681,-0.126992215682186,-0.0459437258771559,-0.105878732439952,0.0384145976179233,"LEMA","All","family","family"
"2554",0.870170231553615,-0.109469621427201,-0.0875740052898242,-0.0501570017294661,0.0419525138772239,"LEMA","All","family","family"
"2555",0.864043308292082,-0.0699806934696553,0.00136362682569025,-0.053408992312337,-0.019261831445542,"LEMA","All","family","family"
"2556",0.863558812489398,-0.105343299334205,-0.0120363282245537,-0.0692636336549821,-0.0591274086919526,"LEMA","All","family","family"
"2557",0.871482393388208,-0.234175859551708,-0.0797626814528447,-0.053672580689303,0.0917265633597428,"LEMA","All","family","family"
"2558",0.853944206585642,-0.0757989270568475,-0.00264868682403829,-0.0394512172673874,0.0641440588270783,"LEMA","All","family","family"
"2559",0.857088204344212,-0.0486205453252269,-0.0321740196738028,0.0492836872002507,0.00617399275817721,"LEMA","All","family","family"
"2560",0.860049743049798,0.0541042704595731,-0.016480887639305,-0.0518479939916218,0.0361078866777483,"LEMA","All","family","family"
"2561",0.863506666046209,0.0063532487463096,-0.0836594438268778,-0.00620311874802866,-0.0216510680745496,"LEMA","All","family","family"
"2562",0.847453492448314,-0.0550372962452482,-0.00107199004321001,0.0811978243619695,0.0382997418902248,"LEMA","All","family","family"
"2563",0.867840603790199,-0.0518846587069368,-0.0665056177915297,-0.0434645190789663,0.044696042836123,"LEMA","All","family","family"
"2564",0.858698793105214,0.029650487487429,-0.0460389220092322,-0.1053903250949,0.0530323654918817,"LEMA","All","family","family"
"2565",0.859710198715692,0.0407665990952994,-0.0294087661557845,-0.0825771775828844,0.00387829787411282,"LEMA","All","family","family"
"2566",0.860462230042287,-0.00476582809628656,-0.039493756047399,-0.0409650206448503,0.0549406552916059,"LEMA","All","family","family"
"2567",0.859581480216865,-0.0287423013324842,-0.0214768528493817,-0.0419538579413842,-0.00126639396177899,"LEMA","All","family","family"
"2568",0.871690883602917,-0.163753423673845,-0.0486376326008058,0.0472149827075762,0.00403129600593177,"LEMA","All","family","family"
"2569",0.866952564786053,0.0871488091388999,-0.0505960866907367,-0.00454450904261255,-0.029031208312066,"LEMA","All","family","family"
"2570",0.860537689999401,-0.185518126651364,-0.031761431446285,0.0176021423112947,-0.0403439116334902,"LEMA","All","family","family"
"2571",0.865710612913553,0.0259567526876252,-0.0548240522239188,-0.0418579868281853,0.0676741036419804,"LEMA","All","family","family"
"2572",0.861094700509542,0.135559380100068,-0.0382529232373739,0.0616188419633535,-0.01802852320434,"LEMA","All","family","family"
"2573",0.853929168356435,0.0822544712475548,0.00296962885205998,-0.031286807657633,0.0372804354355399,"LEMA","All","family","family"
"2574",0.866965514901782,0.0977359931118182,-0.0325709893563516,-0.00504027008534855,0.00583498137011594,"LEMA","All","family","family"
"2575",0.860173987178882,0.0246025872286071,0.0123683468818216,-0.0180408638361027,0.0529101204272506,"LEMA","All","family","family"
"2576",0.874367641519225,-0.0446960955252615,-0.0629574982014737,-0.0605854982196417,0.0115237160564017,"LEMA","All","family","family"
"2577",0.872405768530385,-0.0774711151058824,-0.0731104303680775,0.0337222503119049,0.00573545068367823,"LEMA","All","family","family"
"2578",0.871375607119114,-0.0280377775447211,-0.106492140897385,-0.0603645201703188,0.0705779984013806,"LEMA","All","family","family"
"2579",0.870793814246424,-0.122651601554526,-0.0949626690295859,-0.0832524168059442,-0.00766701577646428,"LEMA","All","family","family"
"2580",0.867145966811008,-0.0183351170778951,-0.00800168277442925,-0.148806351657418,-0.0151352910577037,"LEMA","All","family","family"
"2581",0.85874665099366,-0.0101704897068378,-0.0209769485145782,-0.0202150166621522,-0.0105269128310865,"LEMA","All","family","family"
"2582",0.866548286540732,-0.0956486474028889,-0.0405047603506419,-0.0386278723243565,0.00182901980136159,"LEMA","All","family","family"
"2583",0.855732459389859,-0.1182591118734,-0.0166771847343735,0.0245337096036138,0.0222426626648712,"LEMA","All","family","family"
"2584",0.871440280652298,-0.30706045495345,-0.0741877614199777,0.00935312789638311,0.000195161226642301,"LEMA","All","family","family"
"2585",0.867510354700505,-0.0958746370190144,-0.0417398902026878,-0.0801862427225084,-0.0388037144345149,"LEMA","All","family","family"
"2586",0.865259944039803,-0.16100268251732,-0.0633045355182275,-0.00959272566882795,0.096666337898833,"LEMA","All","family","family"
"2587",0.865624812910298,0.0614635414400475,-0.0466306787530987,-0.0584773982216932,0.020831255418259,"LEMA","All","family","family"
"2588",0.868935349020049,-0.113222842518266,-0.0598212297044528,0.0384789717364128,-0.0219342976144012,"LEMA","All","family","family"
"2589",0.860727034583836,-0.0415999552936361,-0.0168670145566937,-0.0648305591021383,0.0543869101239443,"LEMA","All","family","family"
"2590",0.864741066773214,-0.0123237593684636,-0.0305866053068015,-0.0585619233850857,0.0726182609629326,"LEMA","All","family","family"
"2591",0.8630038590419,-0.0853092021113234,-0.0419504072720858,-0.0790399036598555,0.0539554182989725,"LEMA","All","family","family"
"2592",0.872174518350703,-0.0732525627145646,-0.0588064376617143,-0.0555997277461578,-0.0245913818276418,"LEMA","All","family","family"
"2593",0.860072492615759,-0.0446622339081382,-0.0474359278156353,0.0154680709957811,-0.0445564638655058,"LEMA","All","family","family"
"2594",0.855837910014434,0.0755107863804363,-0.0913734103916678,-0.057288915661267,0.0171964736766725,"LEMA","All","family","family"
"2595",0.878881048257737,-0.0720898248874503,-0.0688689902891082,-0.0657308136261268,-0.0111717264281882,"LEMA","All","family","family"
"2596",0.867772048934591,-0.133594190003031,-0.0649630354466846,-0.0950009504480702,0.0644771898361016,"LEMA","All","family","family"
"2597",0.865803194287716,-0.0626461753024764,-0.0441749265073904,-0.0902634339492057,-0.0158525544702567,"LEMA","All","family","family"
"2598",0.853799504343835,-0.0817177622461668,-0.0190072005303139,0.000348777026086751,-0.0262761701839698,"LEMA","All","family","family"
"2599",0.86549553626798,-0.0918375781598685,-0.0469751099449656,-0.0301538177903583,9.43864874818311e-05,"LEMA","All","family","family"
"2600",0.854274377491765,0.00634063815135599,-0.0369284326772852,-0.00603786500888726,0.086369563825061,"LEMA","All","family","family"
"2601",0.868554041294002,-0.0646207581002998,-0.0881814167885926,-0.0592460826189609,0.0102098390414275,"LEMA","All","family","family"
"2602",0.869103823388364,0.0538280582784914,-0.0112895815924763,-0.0594644180511789,-0.00920338779836374,"LEMA","All","family","family"
"2603",0.859663624720109,-0.0424771679656597,-0.0268037254851483,0.0599182417523956,-0.000225979549971242,"LEMA","All","family","family"
"2604",0.857947087874682,-0.188150204228921,0.0164892309952089,-0.0428013656255109,0.0840400664612527,"LEMA","All","family","family"
"2605",0.862540643067039,0.0443866701705344,-0.0712880282491128,-0.0585810559749538,0.0381077545558695,"LEMA","All","family","family"
"2606",0.862361219539663,-0.0264094646162579,-0.0314938280895762,-0.098287200494814,0.0475178902833541,"LEMA","All","family","family"
"2607",0.86408669947856,-0.0252767419579432,-0.026606182648656,-0.0627835639470211,-0.0568049311449276,"LEMA","All","family","family"
"2608",0.869435266384774,-0.0363945450897583,-0.0544968134293655,-0.0626989532338919,-0.00251769528541611,"LEMA","All","family","family"
"2609",0.867203653767261,0.0106263382403702,-0.0555700280694889,-0.078188048774657,0.0677846785216186,"LEMA","All","family","family"
"2610",0.858887299392243,0.056475528366007,-0.0154730096604939,-0.038479395380431,0.0184586861939799,"LEMA","All","family","family"
"2611",0.866015067776102,-0.192662319116991,-0.0681238731299448,-0.0450268825945804,0.0342870537115315,"LEMA","All","family","family"
"2612",0.878141646908421,0.0824901873500332,-0.116083303768805,-0.024015236340675,0.00931012096162864,"LEMA","All","family","family"
"2613",0.866232014189414,0.0552177778841394,-0.0527237994679581,-0.0870092052690985,-0.0422833148517473,"LEMA","All","family","family"
"2614",0.863076057602997,-0.0763452669428952,-0.0347544302903732,-0.0161812454329275,0.00947015680760076,"LEMA","All","family","family"
"2615",0.864909262713942,-0.150743459968177,-0.0513913513329497,-0.0969541313385946,0.0659162098617108,"LEMA","All","family","family"
"2616",0.868417871533267,-0.0813931747556287,-0.0627646091292381,-0.0564652540697785,0.0307090800453879,"LEMA","All","family","family"
"2617",0.871129414322164,-0.217748680098182,-0.0679095200986461,-0.0189951426370451,-0.000303139809168051,"LEMA","All","family","family"
"2618",0.861472759770438,-0.0169466654448067,-0.0374769288890817,-0.0240318192465067,0.00869764368031536,"LEMA","All","family","family"
"2619",0.862618558586685,0.0206784319217546,-0.0255065822933968,-0.00125961362783625,-0.00970478372960376,"LEMA","All","family","family"
"2620",0.865724083414062,-0.150168785255492,-0.0513528311631328,-0.0562731353843504,0.0217413359538566,"LEMA","All","family","family"
"2621",0.875375716315232,-0.0640316088034875,-0.109582477937149,-0.0744023724461028,-0.0243443023354307,"LEMA","All","family","family"
"2622",0.857946037337386,0.1179730625388,0.0126777863747614,-0.046190368681462,0.0168740348359473,"LEMA","All","family","family"
"2623",0.859182744394068,-0.0379009322065236,0.0176160542405741,-0.13939665065299,-0.00103903387860744,"LEMA","All","family","family"
"2624",0.854070706168606,-0.119699234776104,0.0111269694257725,0.0305006019120887,-0.0147010599855435,"LEMA","All","family","family"
"2625",0.856911803447254,-0.0149915257164037,-0.0223764627360564,0.00880407006790594,0.053487982563295,"LEMA","All","family","family"
"2626",0.871708115770753,-0.11804683946743,-0.0786932178961398,-0.056554256854619,-0.0117924017289309,"LEMA","All","family","family"
"2627",0.862699842965787,-0.0523795257627646,-0.041556368417648,-0.0373982677725534,-0.0347529365913505,"LEMA","All","family","family"
"2628",0.862551532324026,-0.0982981484149653,-0.0604781896466791,-0.0554353553075442,0.111810330525702,"LEMA","All","family","family"
"2629",0.867472707700488,-0.16109543274586,-0.0806082989615376,-0.0351825955515023,0.0671230164342324,"LEMA","All","family","family"
"2630",0.851562456504835,-0.0763640098011094,0.0235040185091546,-0.0835774206088274,0.0282071989597399,"LEMA","All","family","family"
"2631",0.860710665923531,-0.184823602015179,-0.0588403928624421,-0.02986967245889,-0.0331855134589316,"LEMA","All","family","family"
"2632",0.869517715829889,-0.0874234960172875,-0.0665285355339159,-0.104956435356795,0.0522881724483751,"LEMA","All","family","family"
"2633",0.861316670251213,0.0598822263941732,-0.0336693585779202,-0.0666564373373309,-0.00553963971805427,"LEMA","All","family","family"
"2634",0.86043124205224,0.0527788868362391,-0.0223694390893328,0.00242184078536672,-0.0156911176951464,"LEMA","All","family","family"
"2635",0.870502625626081,0.00494858754450478,-0.0298798498943131,-0.112256281361577,-0.00186869523520215,"LEMA","All","family","family"
"2636",0.866728708929638,-0.0510929001674092,-0.0585140721083222,-0.0879669192154841,0.0578167953423904,"LEMA","All","family","family"
"2637",0.8713745879243,-0.237958919412565,-0.0505713771893765,-0.0850322200483803,0.085667082769615,"LEMA","All","family","family"
"2638",0.8723106038059,-0.044855376672038,-0.107998171284286,-0.0468571533857384,0.00292642688610263,"LEMA","All","family","family"
"2639",0.857137085714564,0.0236006028435949,-0.00600690494599199,-0.123757763057714,0.0476043549305192,"LEMA","All","family","family"
"2640",0.877351420179591,-0.105346337557199,-0.105864313612696,-0.0175321632336161,-0.00810654888598809,"LEMA","All","family","family"
"2641",0.86894536316734,-0.134677555009769,-0.0475983369249943,-0.0114635845869122,0.0109290081378755,"LEMA","All","family","family"
"2642",0.864479770321672,-0.110595986276109,-0.0513764474829418,-0.0270682411145958,0.0246277456235645,"LEMA","All","family","family"
"2643",0.862278981423621,-0.112341360535429,-0.0448206956192462,-0.047823241582546,0.0451499001016007,"LEMA","All","family","family"
"2644",0.873039895120924,-0.215982999597618,-0.0972224911145484,-0.078537205219633,-0.00990628865238466,"LEMA","All","family","family"
"2645",0.859138419155399,0.013947158566723,-0.0171164912177049,-0.0179600403029559,0.073339353995815,"LEMA","All","family","family"
"2646",0.877721421629651,-0.114900050651761,-0.0450314708788315,-0.160789257026964,0.0561718580410981,"LEMA","All","family","family"
"2647",0.872593811719185,-0.122356447131569,-0.0721330117014912,0.0749549058047269,-0.00423554130364457,"LEMA","All","family","family"
"2648",0.861908749822258,-0.120809486479956,-0.0193806938822173,-0.082408294555011,0.016876633055692,"LEMA","All","family","family"
"2649",0.86698262393979,0.0418668061560845,-0.0387837522102374,-0.0487569495469537,0.0245974651026962,"LEMA","All","family","family"
"2650",0.868307931202403,-0.101686809635818,-0.0358492469659358,-0.0160988303058503,-0.0458695256252148,"LEMA","All","family","family"
"2651",0.8610103368853,-0.020913443036038,-0.0460803578477709,-0.0441739179073052,0.0448230271467522,"LEMA","All","family","family"
"2652",0.855320236783664,0.0922595718169512,0.0140491293971068,0.0385061044864327,0.0378668167442682,"LEMA","All","family","family"
"2653",0.859027321060268,0.0285224050707222,-0.0394713038199258,-0.0335319907256702,0.0949453730140943,"LEMA","All","family","family"
"2654",0.865184174195353,-0.0271972087243371,-0.0105164602096057,-0.11801029058045,0.0469850606476634,"LEMA","All","family","family"
"2655",0.848275618414999,0.0495478128674978,0.0475468947482414,0.0413212180705277,0.0160118096120841,"LEMA","All","family","family"
"2656",0.870393734896059,0.0568166462655846,-0.0318369224646377,-0.0548253506925155,-0.0586764829879943,"LEMA","All","family","family"
"2657",0.859067384335807,-0.0440208261860688,-0.0272065905145157,-0.0351561907989735,0.0643565598454443,"LEMA","All","family","family"
"2658",0.850336307274436,-0.0452100155039012,-0.022297481713639,0.0628492433479469,0.0393478076138781,"LEMA","All","family","family"
"2659",0.865471424273017,-0.146694642029275,-0.11365499050557,-0.0259914763680357,0.0244870164024719,"LEMA","All","family","family"
"2660",0.864859571748115,-0.187340354763085,-0.056788907696335,0.0357546063064323,-0.0591571270012307,"LEMA","All","family","family"
"2661",0.861762824265039,0.0681959890603938,-0.0581209666114453,-0.0812169621157281,0.0825990088381343,"LEMA","All","family","family"
"2662",0.867190924402683,-0.119424542087645,-0.0387235935796156,-0.160590164560417,0.041388336246329,"LEMA","All","family","family"
"2663",0.862881398065576,0.218877328339584,-0.00766965419006471,0.000219419942912014,-0.00868287240339924,"LEMA","All","family","family"
"2664",0.863705829946151,-0.0701806182269967,-0.0378103721992171,-0.000329674891877228,-0.0311690479523339,"LEMA","All","family","family"
"2665",0.863104640176968,-0.0446969111133494,-0.060920353920457,-0.042777658744847,0.0174332411288731,"LEMA","All","family","family"
"2666",0.856147653427012,0.0134139256150825,-0.0470469766295945,0.0181673120967283,0.03177685213273,"LEMA","All","family","family"
"2667",0.873087894454509,-0.0131568061591238,-0.0826329085219814,-0.126625137779696,0.0244883265661453,"LEMA","All","family","family"
"2668",0.859784934937655,-0.0309405185519968,-0.0313911646202006,-0.034893999324963,0.0136602302136027,"LEMA","All","family","family"
"2669",0.858561877713653,0.150493368726456,-0.00391345165365276,-0.0754559925780565,0.0109052837391688,"LEMA","All","family","family"
"2670",0.87068414535323,-0.0765477346857623,-0.0454606268197832,-0.0563951139340079,0.0416730348388928,"LEMA","All","family","family"
"2671",0.865307698995515,-0.0666623202433541,-0.0552816758467536,-0.0480002646578438,0.0533593615976938,"LEMA","All","family","family"
"2672",0.866101262700931,-0.0249817150818178,-0.0330423389929738,0.00251416079573621,0.00854395715364142,"LEMA","All","family","family"
"2673",0.863534031069345,-0.137332617594566,-0.0717163576104702,-0.0193592556134384,0.0340223003389135,"LEMA","All","family","family"
"2674",0.867657861128623,-0.118665639676502,-0.0573807145251437,-0.00818861648812761,-0.000879332567056555,"LEMA","All","family","family"
"2675",0.859592553537352,-0.193137087137604,-0.0134709258869162,-0.0572451820438069,0.0678942899512379,"LEMA","All","family","family"
"2676",0.847667836286145,0.093158043635611,-0.0310345046079696,0.0473863237411239,0.0633637771956897,"LEMA","All","family","family"
"2677",0.868330372629439,-0.110552468965974,-0.0799961623053899,-0.0911153783112509,0.0158892698129255,"LEMA","All","family","family"
"2678",0.8709894141963,-0.0419813776964985,-0.0816731794281124,-0.0932873839442063,-0.0140228848386994,"LEMA","All","family","family"
"2679",0.8588303019875,-0.169179030439144,-0.0205023297097616,-0.013502948698003,0.0441404894345277,"LEMA","All","family","family"
"2680",0.851620665741122,0.140207548056414,-0.027412565673341,-0.102604321194206,0.118481955521349,"LEMA","All","family","family"
"2681",0.875391835577901,-0.242914563817365,-0.0463593285897838,-0.164900731407462,-0.0275842669079133,"LEMA","All","family","family"
"2682",0.858867022453635,0.035843274463351,-0.027207357581936,-0.000180728653362601,0.0395265880191442,"LEMA","All","family","family"
"2683",0.870636212153062,-0.097714599539993,-0.0526828976516052,-0.0110209659406474,0.0318351705267589,"LEMA","All","family","family"
"2684",0.869045357856452,-0.289028284767242,-0.0634284912066413,-0.00496075641330859,-0.0390182470851044,"LEMA","All","family","family"
"2685",0.870870212514207,-0.0555315137090417,-0.0794405379645616,-0.0932883727790642,-0.0246218443045274,"LEMA","All","family","family"
"2686",0.862870688180747,0.0309439768590365,-0.0307545356981338,-0.0912900786043181,0.0681290389069492,"LEMA","All","family","family"
"2687",0.869828739049944,-0.181385928133898,-0.0684315661894344,-0.074886036298999,0.0085118344697676,"LEMA","All","family","family"
"2688",0.869245662418342,0.00699926311698662,-0.0687497794537915,-0.113393241337304,0.0443166095460159,"LEMA","All","family","family"
"2689",0.859243955187928,-0.00376066023632937,-0.0638016456415564,-0.00780789127801452,0.0339651562968766,"LEMA","All","family","family"
"2690",0.843489627273359,-0.111690456387656,0.0578542310179522,-0.0273717121127309,0.0629266034118786,"LEMA","All","family","family"
"2691",0.864319715788398,-0.0997698764020799,-0.0631784630703428,-0.0402014023503034,0.0750878934368402,"LEMA","All","family","family"
"2692",0.881807978311917,-0.0322921373754914,-0.131623742219248,-0.100579736827865,-0.0396458580756889,"LEMA","All","family","family"
"2693",0.863419830602471,-0.135832925973965,-0.0215211337555539,-0.116758353427691,0.046391789239842,"LEMA","All","family","family"
"2694",0.860064165571509,-0.0656412280895974,-0.0269013640267062,-0.0136716382124844,0.0864286529053968,"LEMA","All","family","family"
"2695",0.87364243243555,0.0718740533502085,-0.113623059424638,-0.0789628180385101,0.0474257908024201,"LEMA","All","family","family"
"2696",0.867912859714311,-0.110834827632157,-0.0377093720080554,-0.0464831070820321,-0.00272389735493234,"LEMA","All","family","family"
"2697",0.854907668334174,-0.0633288876551028,0.0634934012659207,-0.0145063898960708,-0.034854938329285,"LEMA","All","family","family"
"2698",0.85806663343666,0.05191539155264,-0.00889127668377032,0.0319320987168444,0.0268445826470268,"LEMA","All","family","family"
"2699",0.859831543279614,0.030513805403023,-0.026023160318444,0.0373227502177668,0.0123170125678917,"LEMA","All","family","family"
"2700",0.861193079160619,-0.196770526665744,-0.0519071012400073,-0.0608209804074285,0.0579766119782058,"LEMA","All","family","family"
"2701",0.866449076846522,0.0743999277012635,-0.0561530631662214,-0.0562923749044559,0.0600938931455914,"LEMA","All","family","family"
"2702",0.858846714695791,-0.229316062167722,-0.0165831987041108,0.094364475412252,0.0435335028721912,"LEMA","All","family","family"
"2703",0.87583526385173,-0.077970790617968,-0.0912684802046529,-0.106241980466116,-0.0157011914436598,"LEMA","All","family","family"
"2704",0.859124534931114,-0.0847849785178245,-0.0113462999718731,-0.122955590148163,0.0917871694039132,"LEMA","All","family","family"
"2705",0.854817232558553,-0.0675293494722248,-0.04624269589951,0.0195375137835651,0.0435056853192992,"LEMA","All","family","family"
"2706",0.868082812713487,-0.150561978278214,-0.0244213074685063,-0.0655342132229831,0.0757587844761281,"LEMA","All","family","family"
"2707",0.862119368290113,-0.0767645666986788,-0.020336731091836,-0.0418446503296231,0.0334225107755598,"LEMA","All","family","family"
"2708",0.871518995646054,0.0572090186794403,-0.0603660027663783,-0.0792281926921843,0.0221469883078337,"LEMA","All","family","family"
"2709",0.859320271516447,-0.0208351956709354,-0.0547507073063809,-0.107376783888729,0.0229484655732201,"LEMA","All","family","family"
"2710",0.872262282105172,0.11261426629427,-0.0970868085542337,-0.0778361158788003,0.00510365215843334,"LEMA","All","family","family"
"2711",0.851919308434679,0.0327437084441813,-0.0388116412793162,-0.0789424466789833,0.126374347374168,"LEMA","All","family","family"
"2712",0.880397582321751,-0.207679550259185,-0.121340388875032,-0.0945586379188054,0.0222038200863688,"LEMA","All","family","family"
"2713",0.864185275798225,-0.105989816272795,-0.0476738700776131,-0.0288403102519942,0.0646154321387645,"LEMA","All","family","family"
"2714",0.860645203717136,-0.137678353230876,0.0256254931262581,-0.0760548523988888,0.0561070647305929,"LEMA","All","family","family"
"2715",0.860089978708566,-0.000862498892572949,0.0127374919567003,0.00260282739985327,-0.051545725483204,"LEMA","All","family","family"
"2716",0.855314446509332,-0.02587482138554,-0.02508014434267,0.0111423633200976,0.00836970323288777,"LEMA","All","family","family"
"2717",0.863941086341869,-0.111681651010191,-0.00908961902837691,-0.0613270733486056,0.0117501777299679,"LEMA","All","family","family"
"2718",0.87486018464913,-0.0511150509488374,-0.10746463666335,-0.0572639809561939,0.0759443254754855,"LEMA","All","family","family"
"2719",0.859453048866926,-0.0290557234978175,-0.0239099065716717,-0.00445227464788299,0.0366263873527271,"LEMA","All","family","family"
"2720",0.861831278475527,-0.0920351355916739,-0.0481953906419581,-0.0267067275372045,0.0752533776506788,"LEMA","All","family","family"
"2721",0.859278393331049,-0.192699429910851,-0.00738811701805608,-0.0230204168358023,0.0756634819109621,"LEMA","All","family","family"
"2722",0.856872498470587,0.0569742541140059,-0.0252330545254802,-0.0346315051729121,0.0560185141664469,"LEMA","All","family","family"
"2723",0.864788743574804,-0.114512027407424,-0.0802536699456152,-0.080607112882808,0.0562389662428173,"LEMA","All","family","family"
"2724",0.858778174818975,0.133414071252729,-0.0350605855203199,-0.0103199603278159,0.0511404779602202,"LEMA","All","family","family"
"2725",0.864307772106471,-0.132423910132161,-0.0378105231977428,-0.112489193000149,-0.0425607402277521,"LEMA","All","family","family"
"2726",0.86364049756658,-0.0870062926264341,-0.0239659805328686,-0.0170725936528069,-0.009865831360753,"LEMA","All","family","family"
"2727",0.856906775307428,0.00451035530030208,-0.0304487000544708,-0.023956300577756,0.120553195642133,"LEMA","All","family","family"
"2728",0.864432135811817,-0.198144100223533,-0.0571691047750488,0.0280901130694951,0.0065964299628737,"LEMA","All","family","family"
"2729",0.860855552750008,-0.0618265455508505,0.00457708888246655,-0.0560848725128444,-0.0411893760240017,"LEMA","All","family","family"
"2730",0.877700832321388,-0.102005556028595,-0.0828394572503426,0.0107602628959861,-0.0314572817782627,"LEMA","All","family","family"
"2731",0.864937031680051,0.0527123398119571,-0.0204064287657324,0.0239227562686984,-0.0180708667806125,"LEMA","All","family","family"
"2732",0.873469569984807,0.0931864347479958,-0.121656904041195,-0.0596488877627372,0.0110426056721055,"LEMA","All","family","family"
"2733",0.870606299426428,-0.14836708156118,-0.0239284770274204,-0.0674704634212396,0.0446884580614997,"LEMA","All","family","family"
"2734",0.86450454094373,-0.159921704464047,-0.0745077827343633,0.0437703143170555,0.0219456719511615,"LEMA","All","family","family"
"2735",0.867061312323096,0.123622704171681,-0.0679258974676074,0.0121706363582664,0.00567613421140362,"LEMA","All","family","family"
"2736",0.862864693481444,0.0417638077880917,-0.0318032816622631,-0.128220147450061,0.0172720315302483,"LEMA","All","family","family"
"2737",0.861699351639343,-0.137812255559136,-0.0101371346967667,0.0731495546986345,0.0190673232444439,"LEMA","All","family","family"
"2738",0.858052464280434,0.104663544223244,-0.00494937941333329,-0.0691686523700611,0.0478556475178213,"LEMA","All","family","family"
"2739",0.867104010884261,0.0014595870021572,-0.0362444296036349,-0.138112210148273,0.0272529965877366,"LEMA","All","family","family"
"2740",0.863538806489386,-0.0395393052425647,-0.0476585074620738,-0.0385415446308649,0.0575379991220719,"LEMA","All","family","family"
"2741",0.862263609889618,0.0389418603000136,-0.0259683064752437,0.0429321796374142,-0.0157187091725636,"LEMA","All","family","family"
"2742",0.871981206616568,-0.159991387989862,-0.0934245431461611,-0.107992010980033,0.0165626794879924,"LEMA","All","family","family"
"2743",0.851801186212497,0.00212829430023587,0.0170389488418454,0.00743982082526216,0.0622440402346316,"LEMA","All","family","family"
"2744",0.87178489507846,-0.101010893209637,-0.098841174286933,-0.0240080409019721,-0.015397351755776,"LEMA","All","family","family"
"2745",0.848877642927107,-0.0901376668494217,0.00729675213621306,0.0160697719805592,0.0750966989356567,"LEMA","All","family","family"
"2746",0.856021953779077,-0.0417879622851303,0.00411553276390531,-0.0818876802655012,0.0806644114388902,"LEMA","All","family","family"
"2747",0.850518592019771,-0.0281213979928008,-0.00347650386918152,-0.0341498757500931,0.0240440793008415,"LEMA","All","family","family"
"2748",0.863423969188795,-0.0177534081469574,-0.0353034176486478,-0.0481686048001601,0.000829488323531552,"LEMA","All","family","family"
"2749",0.862830834401297,-0.151346778912803,-0.0462005427603925,-0.059839472287571,0.0170031561018186,"LEMA","All","family","family"
"2750",0.852518961512773,-0.0860290270335894,0.00348837220152332,0.0176102361435619,0.0335844860719875,"LEMA","All","family","family"
"2751",0.8543620650177,0.0038079379438738,-0.0459871996620528,-0.0172193362586209,0.0621908362826949,"LEMA","All","family","family"
"2752",0.867654032473394,0.166236733673374,-0.0181407734204018,-0.115849642694794,0.0455060702829918,"LEMA","All","family","family"
"2753",0.857385904040915,0.0597588430382114,0.00358209520707398,0.0354822643637597,0.0115444871929066,"LEMA","All","family","family"
"2754",0.86470933972359,0.00603602588355279,-0.0347165587392616,-0.0771009840957902,0.0533773524414512,"LEMA","All","family","family"
"2755",0.854025913193188,-0.113380394173089,-0.0142375445349205,0.0271618660130568,0.0715327333302093,"LEMA","All","family","family"
"2756",0.873086611121927,-0.0894499213019643,-0.0480276137554969,-0.105803356117054,0.0305324864228465,"LEMA","All","family","family"
"2757",0.861741949771877,-0.188104320164736,-0.045062851288335,-0.0648618302041864,0.0258402510403922,"LEMA","All","family","family"
"2758",0.876731160564736,0.0713891336970567,-0.0726861399034456,-0.0891448411652799,0.0118181691116398,"LEMA","All","family","family"
"2759",0.868146175478637,-0.0620724587380853,-0.0535358805667925,-0.0239332520242626,-0.0179498208603017,"LEMA","All","family","family"
"2760",0.858883772539575,-0.0757703484537315,0.00252374202646721,-0.0202368193422587,0.0219839020262002,"LEMA","All","family","family"
"2761",0.856540523987883,-0.0675497201204796,-0.045370877700166,0.00311336338936887,0.0547467384781989,"LEMA","All","family","family"
"2762",0.873903001489404,-0.114666213525905,-0.0980479198581852,-0.106404133961414,0.0360931149731182,"LEMA","All","family","family"
"2763",0.863145678087526,0.0558930372085862,-0.0865766278556278,-0.00655536532121925,0.0355268710960786,"LEMA","All","family","family"
"2764",0.865399535099385,0.218804639886029,-0.0202774224441307,0.0246551693997031,0.0208759324142548,"LEMA","All","family","family"
"2765",0.855040613588879,0.0303827397997858,-0.0465490555380933,0.0628315256031211,0.0423934019518406,"LEMA","All","family","family"
"2766",0.854549869604954,-0.0511977191092793,-0.0357719763563319,0.0662341636003401,0.00950377840627385,"LEMA","All","family","family"
"2767",0.861007110172201,0.0947614211857526,-0.0372406837107189,-0.0623471669727843,0.0339605898207422,"LEMA","All","family","family"
"2768",0.861101648686324,-0.153990774971642,-0.0314833858130825,-0.0291054886779253,-0.00863996284858342,"LEMA","All","family","family"
"2769",0.869894944235428,-0.0831319689490881,-0.0533669335612791,-0.0918085344630065,0.0377770203802745,"LEMA","All","family","family"
"2770",0.864721507629679,-0.0999173510057647,-0.0507869435503826,-0.0733209396283969,0.070246248072818,"LEMA","All","family","family"
"2771",0.859091815567546,-0.0656216401132599,-0.0362435202571433,-0.0465038677179645,-0.0176019954656234,"LEMA","All","family","family"
"2772",0.858157312380932,-0.0537109351817933,-0.0424661740102157,-0.044356421159561,0.0537413776981623,"LEMA","All","family","family"
"2773",0.863022803755231,-0.205366668221994,-0.0312414402686091,-0.0618212057560146,0.0743154504762369,"LEMA","All","family","family"
"2774",0.861598208945242,-0.0590006808477497,-0.0486415306529931,-0.0352024536043227,-0.0181022623927588,"LEMA","All","family","family"
"2775",0.863368784946419,-0.12637682571664,-0.0540590482784831,-0.0450247060825557,0.0293452009169314,"LEMA","All","family","family"
"2776",0.870621229283196,-0.0995672867624802,-0.0360314627974895,-0.0869193462940095,-0.0365622812272245,"LEMA","All","family","family"
"2777",0.855799037323577,-0.0464683544115356,-0.02239099469844,-0.0569074452818003,0.00491581899741504,"LEMA","All","family","family"
"2778",0.86265620877095,-0.142639634423663,-0.0366442264460547,-0.0190304148252095,0.0390698318330585,"LEMA","All","family","family"
"2779",0.87579129767538,-0.00953805649066286,-0.101475595971011,-0.0272587440150526,-0.00774723229469411,"LEMA","All","family","family"
"2780",0.864539112693938,-0.0854806451670689,-0.0482644313786803,-0.0606245735215105,-0.0274087610986169,"LEMA","All","family","family"
"2781",0.859526129099145,0.0952771642935282,-0.0324799177629111,-0.0017183868359457,0.00710562478860904,"LEMA","All","family","family"
"2782",0.866774185667615,-0.244386348373085,-0.0369415792770392,-0.115685510987676,0.0287233987031773,"LEMA","All","family","family"
"2783",0.864951751758504,-0.0473329112867863,-0.0226207858351669,-0.0256670488060525,0.0102637054560172,"LEMA","All","family","family"
"2784",0.866258150802444,-0.142998810403334,-0.0514797561135129,-0.0313607416016115,0.0190642874046255,"LEMA","All","family","family"
"2785",0.869923955794787,-0.00393415919058571,-0.0221999227397875,-0.00439715345144305,-0.0216975465863065,"LEMA","All","family","family"
"2786",0.86447921514915,-0.0806944346444907,-0.0420264779012467,0.0395982559158687,-0.000573345614563018,"LEMA","All","family","family"
"2787",0.861557057108485,-0.01969455908568,-0.0385949825267382,-0.0189565894071286,0.0608916870367468,"LEMA","All","family","family"
"2788",0.873131753381439,-0.0582542726498001,-0.0882197500286191,-0.0138568447790212,0.0159536965408166,"LEMA","All","family","family"
"2789",0.861458939931901,-0.0564969250958344,0.00951570432877746,-0.156176886737429,0.0076961120099602,"LEMA","All","family","family"
"2790",0.83801109941525,-0.0179928992271372,0.073953924434343,-0.0702796671384451,0.0908405690263726,"LEMA","All","family","family"
"2791",0.860989309755897,-0.0652675628866362,-0.0276889327020756,-0.117407436089764,0.104293235803747,"LEMA","All","family","family"
"2792",0.847638934175497,-0.00687800930504501,0.0164050717584963,-0.0237656487631515,0.0403593963682013,"LEMA","All","family","family"
"2793",0.847668461366861,-0.183782107344464,0.0686988702235338,0.00923900491959966,0.0594281168280527,"LEMA","All","family","family"
"2794",0.877119191366948,-0.159065110150908,-0.0860456601363284,-0.0702369454527887,0.00350452582271648,"LEMA","All","family","family"
"2795",0.866331829255987,-0.0443719326213383,-0.021464763251851,-0.0439094433149003,0.0778527271390313,"LEMA","All","family","family"
"2796",0.869797701502423,0.0728975861725285,-0.0212836850613811,-0.0776788636953344,0.00676630229994371,"LEMA","All","family","family"
"2797",0.866432041614605,-0.193643024668868,-0.0925237849547086,-0.0850706826891217,0.079276904551884,"LEMA","All","family","family"
"2798",0.866358497899664,0.0560879234599523,-0.0814252013367456,-0.0106425476813017,0.0236753562257491,"LEMA","All","family","family"
"2799",0.868809048681864,-0.11231335905295,-0.102051470783504,-0.0982952484207612,0.0351824246227472,"LEMA","All","family","family"
"2800",0.862728914533325,0.194741916867422,-0.0429292022027893,-0.0545436633944515,0.0426355162229527,"LEMA","All","family","family"
"2801",0.870874918444889,-0.145891666313655,-0.040868343934454,-0.0662249456003149,0.0221960155621774,"LEMA","All","family","family"
"2802",0.869351720269161,0.0332196227010702,-0.011918454883227,-0.154814527798406,0.0566401950706184,"LEMA","All","family","family"
"2803",0.847077523091922,-0.220766714116798,0.0199349558554625,0.000366763333965171,0.0486478187037283,"LEMA","All","family","family"
"2804",0.874911004193214,-0.0936109172054288,-0.0683629489699104,-0.0871369177963134,0.010679082646495,"LEMA","All","family","family"
"2805",0.855084376480992,-0.0466936188782627,0.0202304259334765,-0.114248428150017,0.0493107503398491,"LEMA","All","family","family"
"2806",0.852633934883872,-0.0939908171686173,0.00578253738240408,-0.016737252548817,0.061976466074974,"LEMA","All","family","family"
"2807",0.864696431882345,0.0795219382492591,-0.0317459461864289,-0.0966202037218887,0.00879075060585602,"LEMA","All","family","family"
"2808",0.863330658439083,-0.0353842818123499,-0.0760321695935597,0.0580513759389032,0.0018293358520831,"LEMA","All","family","family"
"2809",0.862475244054151,-0.0184871719436948,-0.0632773739045103,-0.00468728289371661,0.026284434950697,"LEMA","All","family","family"
"2810",0.863540629075068,-0.135020621431072,-0.0389431208319447,0.0450771737059921,0.00900359474672176,"LEMA","All","family","family"
"2811",0.857044986676091,-0.0312644271843506,-0.0121002276913776,0.0437757147368075,0.0168687618799346,"LEMA","All","family","family"
"2812",0.856137207680415,-0.0648061293245341,-0.0243494801194826,0.0300928595768961,0.0112486798277681,"LEMA","All","family","family"
"2813",0.851977048881567,0.0322826908502445,-0.044822919448297,-0.0276309200492644,0.0825564918675929,"LEMA","All","family","family"
"2814",0.858875597510892,0.0234495005954072,-0.0316219877391714,-0.004717631650963,0.00766446439086273,"LEMA","All","family","family"
"2815",0.869021399822711,-0.0453072424980991,-0.0876827317677489,-0.0818811028537917,0.0428627594613628,"LEMA","All","family","family"
"2816",0.862603077917126,-0.0217057220463052,-0.0450889677117674,-0.0446772626511342,0.0208678753843068,"LEMA","All","family","family"
"2817",0.854290900577327,-0.140280235706414,-0.00700007892277654,-0.105210912879584,0.0525447465535661,"LEMA","All","family","family"
"2818",0.871305252871716,-0.0136351454541177,-0.0743616435155167,-0.0369115698456719,0.0240330534868661,"LEMA","All","family","family"
"2819",0.856214064311168,0.0118144832951725,0.00341892233470009,-0.0496823250877932,-0.0183336263866784,"LEMA","All","family","family"
"2820",0.851649501125544,-0.0931433940263183,0.0149193463155162,-0.0124310495022182,-0.0185241507335733,"LEMA","All","family","family"
"2821",0.862389577226542,-0.0977937059897946,-0.0716684014743441,0.0240615215158321,0.0136877985133752,"LEMA","All","family","family"
"2822",0.840793915491191,0.0103356054765953,0.0783078655950171,-0.0231556292423761,0.0798996828091077,"LEMA","All","family","family"
"2823",0.850614264778994,-0.326321141736023,-0.0264380816298018,0.0220600311832848,0.0647793930988322,"LEMA","All","family","family"
"2824",0.854917885285003,-0.26687017815912,0.00808427770047393,-0.0266688185689539,0.016268375260419,"LEMA","All","family","family"
"2825",0.871605121011149,-0.0501955136507949,-0.0431543533973224,-0.079220571253137,0.00957269832500706,"LEMA","All","family","family"
"2826",0.862964101743195,0.083369759903656,-0.0489311784651653,-0.027280429601022,0.0560676634681301,"LEMA","All","family","family"
"2827",0.871738665337728,-0.191135265682549,-0.11768012012406,-0.11750722842115,0.0311881313521138,"LEMA","All","family","family"
"2828",0.862683793949316,-0.239150036091486,-0.030124948564221,0.044094598414164,-0.0267790597288699,"LEMA","All","family","family"
"2829",0.859048687711403,-0.191172775080621,-0.0207389920068038,-0.00667100125403814,0.0428954955714513,"LEMA","All","family","family"
"2830",0.856354259050854,-0.115785094298913,-0.00662651384596569,-0.0993542346067192,0.0616054202924352,"LEMA","All","family","family"
"2831",0.875388866472582,-0.0686977159713151,-0.0709612618205446,-0.0410180463921078,-0.024861641415519,"LEMA","All","family","family"
"2832",0.854623557313428,0.0422441364061317,-0.0461472761912439,-0.0563222384378205,0.0338760312983997,"LEMA","All","family","family"
"2833",0.86132393182774,-0.0241348014913799,-0.0357984911578837,-0.0712992906777468,0.0792294108286383,"LEMA","All","family","family"
"2834",0.87169968289705,0.096799004053667,-0.0518875544650871,-0.0487162253305845,-0.0554222321440509,"LEMA","All","family","family"
"2835",0.883266983637354,-0.186290282372993,-0.0924177685306966,-0.0619214114076762,-0.0890562621387236,"LEMA","All","family","family"
"2836",0.858520789041333,-0.0398516976894973,-0.0490988694416662,-0.0568011324853408,0.113539669971169,"LEMA","All","family","family"
"2837",0.870342109012125,0.0711600626606508,-0.0980088002147449,-0.0458763398059626,0.0856010179751598,"LEMA","All","family","family"
"2838",0.861779047485289,-0.0231381388073614,-0.0316229198281847,-0.0267850061819799,0.017218917654192,"LEMA","All","family","family"
"2839",0.876513355433104,-0.269598706819346,-0.114938814540717,-0.072492166483235,-0.00544724482758413,"LEMA","All","family","family"
"2840",0.860657496550733,-0.134437433126496,-0.0683412310556186,-0.0622139019152506,0.0727012580848541,"LEMA","All","family","family"
"2841",0.870244510702228,-0.0405223252305297,-0.0839015375374219,0.0472367696745877,-0.0363136313711046,"LEMA","All","family","family"
"2842",0.857463212169429,-0.132965104233721,0.0043360584852794,0.0105783401834571,-0.00825154487615318,"LEMA","All","family","family"
"2843",0.863436197600133,0.0617985994057171,-0.0606244434560645,-0.0190910033705001,-0.0154492511546505,"LEMA","All","family","family"
"2844",0.87491841664228,-0.0705213321987155,-0.0589582130471651,-0.155182807235844,-0.00309960740469167,"LEMA","All","family","family"
"2845",0.874784428803001,-0.0718942793615128,-0.0871252170478342,-0.0434636813110141,-0.0391083735071288,"LEMA","All","family","family"
"2846",0.858497103434696,0.0121930951777007,-0.0400196640645818,-0.0973732283255986,0.0225450976862483,"LEMA","All","family","family"
"2847",0.871745834976395,-0.0781133706531871,-0.0532736929115805,-0.130628593176935,-0.0286348822029432,"LEMA","All","family","family"
"2848",0.856255222287668,-0.00164775413104057,0.0284928404073876,0.0056774603900753,0.032251834800717,"LEMA","All","family","family"
"2849",0.860228889182486,-0.167134135698626,-0.0276715084063789,-0.0269716025622498,0.00886779986513739,"LEMA","All","family","family"
"2850",0.85549778924788,-0.0427289168381325,-0.0160310895012186,-0.0859838782970514,0.00695922214204007,"LEMA","All","family","family"
"2851",0.861317400885715,-0.0234617262934794,-0.0477698438835036,-0.0508377386289804,0.0143549842915477,"LEMA","All","family","family"
"2852",0.86376226432304,-0.132431775365166,-0.0527270612780557,0.021906448338041,-0.0196974352575578,"LEMA","All","family","family"
"2853",0.855077624218262,0.106094468649919,-0.0219560372867709,-0.0916654896075097,0.0812053435637062,"LEMA","All","family","family"
"2854",0.870097482452037,-0.0704445930888939,-0.0318192994225035,-0.0501692028201785,0.00151746673450943,"LEMA","All","family","family"
"2855",0.856879080424533,0.12908302386514,-0.0329356128369889,-0.0951232704152007,0.0286864176396094,"LEMA","All","family","family"
"2856",0.859578804007453,-0.0699250453814376,-0.0875804065862558,0.0232142463413395,0.0667093558862453,"LEMA","All","family","family"
"2857",0.86653485204784,-0.0899961563901149,-0.0852419478842605,-0.0862489572032971,0.0337983848566034,"LEMA","All","family","family"
"2858",0.863017422823305,-0.0646640583984867,-0.0726372898700873,-0.12262497103813,0.0623431324307646,"LEMA","All","family","family"
"2859",0.851766082303492,-0.117825476930857,0.0283837901068766,0.00889939796610564,0.00830927550444113,"LEMA","All","family","family"
"2860",0.865396846244666,0.00158775859356197,-0.0408405913111923,-0.152730604070461,-0.0142464518655538,"LEMA","All","family","family"
"2861",0.858892526897832,0.0390192697528182,-0.0729168513957048,-0.073371169636024,0.0348007584265093,"LEMA","All","family","family"
"2862",0.873696899933902,-0.0288160217922393,-0.0329502115324387,-0.173724007839778,0.0153744176734242,"LEMA","All","family","family"
"2863",0.853283998339688,-0.0458246909763398,-0.00241642335081149,0.0318489667295058,-0.00321012207835748,"LEMA","All","family","family"
"2864",0.862169708047075,-0.0135979640239419,-0.067989715522596,-0.0420554444387021,0.0168485824055102,"LEMA","All","family","family"
"2865",0.878267496841415,-0.117137572596901,-0.0756411381377002,-0.127700589672651,-0.0020776713376849,"LEMA","All","family","family"
"2866",0.848121155174019,0.0337681314735274,0.0135153061373288,-0.0819803236945228,-0.00418365364899614,"LEMA","All","family","family"
"2867",0.867676188623049,-0.181154624453802,-0.0957178976751754,-0.0660417160278653,0.0752311662763428,"LEMA","All","family","family"
"2868",0.85837245929874,-0.0423716102818031,-0.0257555160552404,-0.0469975543598862,0.0240592736895828,"LEMA","All","family","family"
"2869",0.858947906066135,0.124514051857078,-0.0710077138899965,-0.0214396138162254,0.0111770687688996,"LEMA","All","family","family"
"2870",0.854784281491712,-0.237769114509212,-0.0328934398411063,0.0224576179617843,0.0406719118686649,"LEMA","All","family","family"
"2871",0.864852075849221,-0.0127558360216194,-0.0377700322339733,-0.0507581645321975,0.041838943187448,"LEMA","All","family","family"
"2872",0.85140616162015,-0.0465795032622255,-0.0133757826998576,0.0123798439185615,0.0242036321658188,"LEMA","All","family","family"
"2873",0.851749807662873,-0.0690402965461344,0.0312318472186051,0.0114747424103555,0.0056854957345995,"LEMA","All","family","family"
"2874",0.870319860500291,-0.337588319793781,-0.0644055773177896,-0.00343826170434607,0.0318421936241747,"LEMA","All","family","family"
"2875",0.851067502207324,-0.34407863923824,-0.0185421073111893,0.0790041722336052,0.0336390435311315,"LEMA","All","family","family"
"2876",0.866194476613751,-0.207927660224249,-0.055775966792499,-0.0466751065736672,0.0552623159625141,"LEMA","All","family","family"
"2877",0.860587721699952,0.177921352910607,-0.00966908988319426,-0.0144337981557599,0.00655672260165045,"LEMA","All","family","family"
"2878",0.858595880162299,-0.167984616339368,-0.0673062270957099,0.0764935943303385,0.0647193399785677,"LEMA","All","family","family"
"2879",0.862420812029424,-0.114417874835827,-0.0155245133222823,0.0307767431831415,-0.039007741540794,"LEMA","All","family","family"
"2880",0.872545815989305,-0.0659805040367053,-0.0866316940153119,-0.089224049767848,0.0323063738948447,"LEMA","All","family","family"
"2881",0.860509870468165,-0.212163081939784,0.0106272634959874,-0.0467819142771117,0.0707147538909054,"LEMA","All","family","family"
"2882",0.857890086510606,-0.134613730824103,0.00352658301838882,0.0246719285666353,-0.028454072925232,"LEMA","All","family","family"
"2883",0.860955682928556,-0.0648583731147683,-0.0155470018176691,-0.0663152033950651,-0.0161851060163764,"LEMA","All","family","family"
"2884",0.868246906944383,-0.145802502918699,-0.00284465451431426,-0.0937452895831108,0.0186410104400549,"LEMA","All","family","family"
"2885",0.868964603448269,0.158884483545422,-0.0320685581082869,-0.0613288195432227,-0.0209583668765629,"LEMA","All","family","family"
"2886",0.856206763206907,0.0530255573377023,-0.0562838412890954,-0.0610001497597772,0.0719029815766273,"LEMA","All","family","family"
"2887",0.864981673940053,-0.00526387603422418,-0.0618464994935056,-0.0350919712069721,-0.0165362977906577,"LEMA","All","family","family"
"2888",0.852448452757956,-0.0411884152644187,0.0120073922413904,-0.0324215665371574,0.0927678539891974,"LEMA","All","family","family"
"2889",0.869000673640581,-0.011274317725003,-0.0415134592772184,-0.111853211740813,0.00243906390872704,"LEMA","All","family","family"
"2890",0.861721365213037,0.0456095347009708,-0.0109987086948242,1.65645098141355e-05,-0.0302829561373428,"LEMA","All","family","family"
"2891",0.871364894689124,0.0476823509882576,-0.0488583046397584,-0.0152143631895645,0.00883594331730904,"LEMA","All","family","family"
"2892",0.852647926338363,-0.0705532075696895,0.0016331284518063,0.0534678772244074,0.0176247797707475,"LEMA","All","family","family"
"2893",0.873301851378294,-0.0599507273341039,-0.0802609726804602,-0.0747849342481984,-0.0381550803067272,"LEMA","All","family","family"
"2894",0.86572562364309,-0.0113476365022884,-0.0453216018714128,0.00384875997315987,-0.010497590542777,"LEMA","All","family","family"
"2895",0.872836899546425,-0.0758157923803985,-0.0692229497966628,-0.0828076750347465,0.0472250807406729,"LEMA","All","family","family"
"2896",0.877089807307473,0.00918914247489977,-0.0709515044364015,-0.159085013817374,0.036113877485248,"LEMA","All","family","family"
"2897",0.883387286728116,-0.15306838920155,-0.0818362251061152,-0.155542772678394,0.0387347444498221,"LEMA","All","family","family"
"2898",0.857841749211846,-0.152492385740269,-0.00859572029967504,-0.0747814429719871,0.0681953483503192,"LEMA","All","family","family"
"2899",0.857238043823684,0.0801408613723411,-0.0245560632996887,-0.102145127507357,0.0461451506481915,"LEMA","All","family","family"
"2900",0.86297739445173,-0.0786774906620408,-0.0244120535469696,-0.0358898733930001,0.0542444558159241,"LEMA","All","family","family"
"2901",0.857535899243495,-0.197507227778224,-0.048486313047551,-0.00926245866022061,0.0616608777193173,"LEMA","All","family","family"
"2902",0.86372984036677,-0.124581894179512,-0.0048509677441958,-0.0796858615098428,0.046713352829005,"LEMA","All","family","family"
"2903",0.865830952749813,-0.16483751961081,-0.0322166035147671,-0.0666971442948785,-0.0391136587942098,"LEMA","All","family","family"
"2904",0.861710249126304,-0.00121512332425688,-0.0605352781836768,-0.09789856736044,0.0395492391105791,"LEMA","All","family","family"
"2905",0.868161427339855,0.141991701650919,-0.0463944940594567,-0.135999653916625,0.0127733093961213,"LEMA","All","family","family"
"2906",0.858254270659295,0.0852883856731872,-0.0209634753814555,-0.00492696283817291,0.0210283115784702,"LEMA","All","family","family"
"2907",0.860972398127919,0.0752380621980095,-0.0479788585190514,-0.0314472453155385,-0.0104916818021456,"LEMA","All","family","family"
"2908",0.861442392001526,-0.128388099167535,-0.0113693784274952,-0.018718831216024,0.0170175556690851,"LEMA","All","family","family"
"2909",0.873733723270079,-0.118141502589274,-0.0836660400265583,-0.0752133768469426,0.0487256873195238,"LEMA","All","family","family"
"2910",0.867997080059889,-0.113074847266036,-0.0541659209765952,-0.144572760318289,0.0902954282232908,"LEMA","All","family","family"
"2911",0.858524932693007,-0.0107643028578702,-0.0333197518725894,-0.0279625452799266,-0.00666600834762748,"LEMA","All","family","family"
"2912",0.86730867944842,0.0338938090844729,-0.0648419063471507,0.00464026041474187,-0.0123104576469061,"LEMA","All","family","family"
"2913",0.861287339776098,-0.133545862315701,-0.0195807261885859,-0.00836523136801343,-0.0195302971124642,"LEMA","All","family","family"
"2914",0.861665312510715,-0.0521365671656393,-0.0158902358916736,-0.0832859466450024,0.0184014439319088,"LEMA","All","family","family"
"2915",0.860330444151335,-0.00015977481673235,-0.0231482176785607,-0.0503227979034282,-0.00561774200086488,"LEMA","All","family","family"
"2916",0.87518429631772,-0.115966577945723,-0.0438288319111437,-0.0789484283843189,0.0118506474743727,"LEMA","All","family","family"
"2917",0.854136065908639,0.0759663945713709,-0.0162295932162648,-0.0712804128114707,0.00495177687862518,"LEMA","All","family","family"
"2918",0.854725125157885,0.0286252589559306,-0.00142742718208944,0.00294597763047558,0.0349416823374296,"LEMA","All","family","family"
"2919",0.860319528769194,0.0276336877785912,-0.0149960440161485,-0.129027240886232,0.0473634533284111,"LEMA","All","family","family"
"2920",0.86529672075944,-0.00137802752172189,-0.0425697860876084,-0.0319025444885664,0.00353301481163702,"LEMA","All","family","family"
"2921",0.868996683662085,-0.139661802161438,-0.090920167653404,-0.119265201492793,0.0975844136046151,"LEMA","All","family","family"
"2922",0.867283536858074,0.00129696286164771,-0.0508014781400224,-0.0548985282652701,0.0205936906334839,"LEMA","All","family","family"
"2923",0.86168141346879,-0.166766435697975,-0.0572553044871569,-0.0805076581514243,0.112856298511819,"LEMA","All","family","family"
"2924",0.865932817341193,-0.0548228104914998,-0.068874137450346,0.0178349817002196,-0.0313483199002642,"LEMA","All","family","family"
"2925",0.852675084426364,-0.0445125316366489,0.00904338396043669,-0.00840665988266145,0.0488557762571293,"LEMA","All","family","family"
"2926",0.866151528809575,-0.183400540366693,-0.0964666245753745,-0.00648771352201108,0.00721391531082569,"LEMA","All","family","family"
"2927",0.863925602075361,-0.154325454558042,-0.0250355965389725,-0.0897906132535183,0.0764607527773976,"LEMA","All","family","family"
"2928",0.864361816870647,-0.0866867993141778,-0.0932745004987665,-0.0286507539543135,-0.00893352474122567,"LEMA","All","family","family"
"2929",0.851052635642613,-0.0535790144711727,-0.00245335856026463,-0.0439801828985588,0.0343205083750144,"LEMA","All","family","family"
"2930",0.863360788478315,-0.106172262951577,-0.0332135723834254,-0.0399235719214806,0.0394878214449523,"LEMA","All","family","family"
"2931",0.863298950957955,-0.262426920954473,-0.0832793521008526,0.0250934423061864,0.0138057158175407,"LEMA","All","family","family"
"2932",0.871669304378732,-0.0749750400421898,-0.0715398977186749,-0.0492365744569735,-0.030890726532847,"LEMA","All","family","family"
"2933",0.864491277810486,0.126246872112871,-0.103109450617504,0.0438572664577464,-0.0232218352246647,"LEMA","All","family","family"
"2934",0.874032434292126,-0.0444678741012285,-0.0547672120108857,-0.123388701757936,0.0125883644105725,"LEMA","All","family","family"
"2935",0.859316364212308,-0.112605812557622,-0.0180400493766818,0.0519427976408949,0.0219576286200735,"LEMA","All","family","family"
"2936",0.850491544948518,0.0653374740318986,-0.0402295652353616,-0.0808525431999439,0.110763766206134,"LEMA","All","family","family"
"2937",0.862507080770652,-0.0998100151351248,0.00367582232053909,-0.0965336015823487,0.00693609739844025,"LEMA","All","family","family"
"2938",0.85467985210766,0.0187774638755398,-0.0205976894817765,0.00126694976414451,0.00136513787049178,"LEMA","All","family","family"
"2939",0.854589956428802,-0.198923457667105,0.0024334918050144,0.00774943998348804,0.0389013424056295,"LEMA","All","family","family"
"2940",0.869524041675322,-0.121260739686978,-0.0984194406234028,-0.0571273485490269,0.0290399698675246,"LEMA","All","family","family"
"2941",0.86098685932322,-0.212806000603121,0.00626069950877306,-0.140435292637089,0.0411040574005461,"LEMA","All","family","family"
"2942",0.854995133025395,-0.0214705936967238,-0.0333139005316049,-0.00667864049297869,0.0370364086685172,"LEMA","All","family","family"
"2943",0.875465819208639,-0.053896906550205,-0.0938319060303726,-0.0676891613705765,-0.0345499330554803,"LEMA","All","family","family"
"2944",0.863431429656327,-0.213389503083588,-0.0130046743705331,-0.0662149739438532,0.047884575476698,"LEMA","All","family","family"
"2945",0.856316976850241,0.0201401547857056,-0.0254495780217621,-0.0659558216828775,0.0782016095787878,"LEMA","All","family","family"
"2946",0.852397668517103,-0.0353002532484333,-0.0099956183674863,-0.0174243705975505,0.0400722076646275,"LEMA","All","family","family"
"2947",0.867768939900332,-0.144428000969282,-0.0274453150651354,-0.0344203884964509,0.0170320337153187,"LEMA","All","family","family"
"2948",0.865126830660475,-0.0946360512330662,-0.0313646702737251,-0.154586827392311,0.0556825959242198,"LEMA","All","family","family"
"2949",0.859844254193982,-0.0565549668328211,-0.0325011440945937,0.0699511241618009,0.0432937086962062,"LEMA","All","family","family"
"2950",0.87143666534821,-0.0563268517995914,-0.130418775417725,-0.0937159541545163,0.0870167892524283,"LEMA","All","family","family"
"2951",0.870334537848085,0.00818821728034536,-0.0705700306341744,-0.0583133228502169,0.0237926455307339,"LEMA","All","family","family"
"2952",0.869758009672991,0.0322196898752456,-0.03480160392106,-0.0787432833709928,-0.033524519062718,"LEMA","All","family","family"
"2953",0.869331948838977,0.0324688863644604,-0.0124609981315887,-0.117129375578848,-2.31742150360089e-05,"LEMA","All","family","family"
"2954",0.853442962914211,-0.161127840966275,-0.0230331880403928,0.0180611063307337,0.0685810799635743,"LEMA","All","family","family"
"2955",0.873640098086193,-0.0431468429608942,-0.0725502058402187,-0.0615415877527223,0.0316244645077644,"LEMA","All","family","family"
"2956",0.862679067672922,-0.0538032878541095,-0.0289506862196459,-0.0723560640247379,0.0209014718659905,"LEMA","All","family","family"
"2957",0.858341690494052,0.102564300889966,-0.0317131609696361,-0.118445696180043,0.0712200879437231,"LEMA","All","family","family"
"2958",0.875191683053575,-0.0517008712972771,-0.0380159577327909,-0.0532330560771046,-0.0142300527892168,"LEMA","All","family","family"
"2959",0.86225735160853,-0.0325497491361869,-0.0366478988635266,-0.0487672685609307,0.0976057578590384,"LEMA","All","family","family"
"2960",0.863269220466857,-0.0875531426972315,-0.0369655232790234,-0.0869921191646415,0.0595921734105904,"LEMA","All","family","family"
"2961",0.856234993569343,0.0491022618267551,-0.0556187050122247,-0.0679256133490052,0.078828540591005,"LEMA","All","family","family"
"2962",0.858188258120679,-0.142582503897217,-0.0207975038500499,0.00821085326562232,-0.0191514057970832,"LEMA","All","family","family"
"2963",0.846508040961779,-0.163186754665566,0.00323784350795098,0.00628600509283199,0.0648390817715734,"LEMA","All","family","family"
"2964",0.864329490197261,0.0673843922463317,-0.0492739486039832,-0.0848751828184645,0.00452684960754012,"LEMA","All","family","family"
"2965",0.863006236982041,0.00824925146639943,-0.050212632843464,-0.0611552717318591,0.0124319448763072,"LEMA","All","family","family"
"2966",0.849269025511831,0.00503099481051739,0.00589185564252137,-0.0233408951698266,-0.00508833225636384,"LEMA","All","family","family"
"2967",0.862618166295748,-0.0630580546768531,-0.0427639842140728,-0.0386281018751298,-0.0163035629482896,"LEMA","All","family","family"
"2968",0.861797722842217,-0.0232662406088361,-0.0183167158384411,-0.0039388302519014,-0.00533338255691616,"LEMA","All","family","family"
"2969",0.865352748526142,-0.227465866307518,-0.0487071653250326,-0.0759282655016312,0.0922123857434268,"LEMA","All","family","family"
"2970",0.870645312017437,0.0310235875537292,-0.106846326245239,-0.0165285530909758,0.026299721157324,"LEMA","All","family","family"
"2971",0.864828001722405,-0.115856805495166,-0.0501112426199752,-0.111654358580574,0.0338381125790139,"LEMA","All","family","family"
"2972",0.857525186630737,-0.0781822821423452,-0.02665872328298,0.0287879633439886,0.0629947417449269,"LEMA","All","family","family"
"2973",0.852931289794541,-0.126804452147072,0.0241071305431393,0.0158426314447904,0.061201531987618,"LEMA","All","family","family"
"2974",0.847547738388257,-0.119483175845492,0.0716563493135662,0.0236875678366057,0.0231209488621657,"LEMA","All","family","family"
"2975",0.876043841009088,-0.155608554447964,-0.0828386648248957,-0.082806335604349,0.0264079701005265,"LEMA","All","family","family"
"2976",0.850655052331084,0.0287175945143674,-0.0224914283238642,-0.0369783842015943,0.0280611658717139,"LEMA","All","family","family"
"2977",0.85180289850783,-0.0262579194239625,0.0340177207669701,0.0589048404179929,-0.000195245076969429,"LEMA","All","family","family"
"2978",0.864852282319964,-0.0149788774370967,-0.0324937476897181,-0.0268523852401159,0.0647800251632803,"LEMA","All","family","family"
"2979",0.850653343599179,-0.000684159777199822,-0.0173728424423893,-0.0104834306390433,-0.00588665691895884,"LEMA","All","family","family"
"2980",0.865437152645539,-0.101330874056946,-0.0611580437871574,-0.0169901170416918,0.0655445367593185,"LEMA","All","family","family"
"2981",0.858951811438644,-0.190296692320367,0.00477486451316378,-0.0240945262997382,0.0265049897511944,"LEMA","All","family","family"
"2982",0.860285907431835,0.0148391706723732,-0.044463870222852,0.0245434931252134,0.0226236702177627,"LEMA","All","family","family"
"2983",0.856279956070744,-0.0652998239025621,-0.00974956829975449,-0.0626924794723585,0.0321995709902767,"LEMA","All","family","family"
"2984",0.871533891307082,-0.112696786955774,-0.0449797087685764,-0.103435181396969,-0.0150505864891444,"LEMA","All","family","family"
"2985",0.864595939225184,-0.135904109133915,-0.040981856081801,-0.0653257544248231,0.0361028418554977,"LEMA","All","family","family"
"2986",0.858703989591874,-0.118821955906112,-0.00348516289206746,-0.0112315893897818,0.0266563935753037,"LEMA","All","family","family"
"2987",0.857781974307289,-0.0748783744454621,-0.0412347255330959,0.015142355213448,0.0864915684694681,"LEMA","All","family","family"
"2988",0.87009786844687,0.0423300332971706,-0.0793451547202657,-0.095501728242754,0.00670856124216325,"LEMA","All","family","family"
"2989",0.855731514786738,-0.0548012741900299,0.0241760465569774,-0.116720264551919,0.0320121159953146,"LEMA","All","family","family"
"2990",0.861341753331356,0.0785716149440401,-0.0606634169507895,-0.0275344955872728,0.00288951930236983,"LEMA","All","family","family"
"2991",0.860658978670015,-0.0401473801851896,-0.00750179229384551,-0.0545047485448344,0.0502939938411071,"LEMA","All","family","family"
"2992",0.855339954954876,-0.0653973270159566,-0.0425682033669957,0.00612342707835465,0.0454590133753956,"LEMA","All","family","family"
"2993",0.861343582402373,0.0866693939896721,-0.0257996518744668,-0.170106290859717,-0.000786587164648992,"LEMA","All","family","family"
"2994",0.866856493289482,-0.0473758477982014,-0.0980547964650625,-0.0053231229921417,0.0162666401648432,"LEMA","All","family","family"
"2995",0.855088473177989,0.121081164806562,0.0204236212421678,-0.101873397262028,0.0132309217999996,"LEMA","All","family","family"
"2996",0.861748425289885,0.0995796130449664,-0.0227090404691651,-0.00256111435798814,0.00184212864741341,"LEMA","All","family","family"
"2997",0.869187211910226,0.0312426037755451,-0.107894349482895,0.0564945689250231,-0.0500089035672132,"LEMA","All","family","family"
"2998",0.870666267633146,-0.152720734505878,-0.057539886747713,-0.0677747608581087,-0.0303083469615946,"LEMA","All","family","family"
"2999",0.852516094632908,-0.0798372545998655,-0.00674111449465908,0.00791258915432283,0.0490900400110147,"LEMA","All","family","family"
"3000",0.860559848391944,-0.0612102909145174,-0.089396604921387,-0.0445438815177546,0.0284790218537596,"LEMA","All","family","family"
"3001",0.877135343076037,-0.0508557226760787,-0.0814357000037068,-0.0474499788065536,-0.060160845863632,"LEMA","All","family","family"
"3002",0.862212922968455,-0.0541025196873229,0.00175276845724626,-0.0600474001528086,-0.0252559716821138,"LEMA","All","family","family"
"3003",0.854901790715156,-0.192529874135294,-0.02215347572912,-0.0338669418580658,0.0765033857965138,"LEMA","All","family","family"
"3004",0.870341744589401,-0.236240769388121,-0.0642001219134557,-0.0604292206927323,0.0307763080827936,"LEMA","All","family","family"
"3005",0.86105497121518,0.0262052300744331,-0.0374098422748134,0.0920037215870463,-0.0139440379701385,"LEMA","All","family","family"
"3006",0.867455845550697,0.0401491018812812,-0.0569940502704395,-0.0392067637832829,-0.0317550685787805,"LEMA","All","family","family"
"3007",0.854546706565259,-0.0109161648736957,-0.0269081501904372,0.0246858214773688,0.0204087737564739,"LEMA","All","family","family"
"3008",0.874153240810099,-0.00622538330824052,-0.0846205491910521,-0.108029181931929,0.073245243230263,"LEMA","All","family","family"
"3009",0.855193504104274,-0.0828897523402997,-0.0264683762184532,-0.0509940876436061,0.0245401928017289,"LEMA","All","family","family"
"3010",0.878792483304445,0.0161922526057043,-0.12010043088001,-0.100789466439788,0.0437425047030944,"LEMA","All","family","family"
"3011",0.866039764101823,-0.049275053546087,-0.0159429121070447,-0.0836791286476153,0.025896476948359,"LEMA","All","family","family"
"3012",0.856513345297261,-0.158925335829385,-0.0696170402494307,-0.0836092726382699,0.0732443787083295,"LEMA","All","family","family"
"3013",0.861771976304601,-0.168429298407112,-0.0315742594188639,-0.101236343709633,0.0176400759906527,"LEMA","All","family","family"
"3014",0.85534790549378,-0.0548760077304334,-0.0371812990477584,0.0494770063387071,0.0484002545415857,"LEMA","All","family","family"
"3015",0.864981784985435,-0.0737660204614954,-0.00202342776038578,0.0631345177128753,-0.0872851953443274,"LEMA","All","family","family"
"3016",0.867105457795704,-0.211130158638459,-0.0747545367598552,-0.0757219256224612,-0.00367862635617113,"LEMA","All","family","family"
"3017",0.873073601688438,-0.0239804944715878,-0.04737339986848,-0.146800196064111,0.0340966231171409,"LEMA","All","family","family"
"3018",0.86073228319085,-0.0343282879945332,-0.0898000785412053,-0.0233456102321088,-0.00889409742101105,"LEMA","All","family","family"
"3019",0.869746871374077,0.0495416136998788,-0.0510886591088749,-0.0570964849429468,0.00639888592529329,"LEMA","All","family","family"
"3020",0.864887129343339,0.124694597262959,-0.0584187344334463,-0.169217114501276,-0.00537109711759166,"LEMA","All","family","family"
"3021",0.872193202079237,-0.0783089417301124,-0.0925866942267194,-0.1398205920117,0.0558037493268339,"LEMA","All","family","family"
"3022",0.871288817340763,-0.110595186378568,-0.0621457430177342,-0.0423731546401463,-0.0573846463767907,"LEMA","All","family","family"
"3023",0.866261105172234,-0.166806470536127,-0.0611765218225586,-0.0262725889243575,-0.00492045230397408,"LEMA","All","family","family"
"3024",0.864083333662909,-0.0600414717896705,-0.0334228492870361,-0.0704914791344842,0.0273872688954183,"LEMA","All","family","family"
"3025",0.851088329546618,-0.0267644313998979,0.0180249386903462,-0.0194735202104698,0.0663002283881899,"LEMA","All","family","family"
"3026",0.865692795464134,-0.0649550830469946,-0.0758197954995306,-0.0389243152233672,0.00669282198230136,"LEMA","All","family","family"
"3027",0.860262175674682,0.0678956636434722,-0.0584639480922059,0.000653768277002718,0.00459061298080774,"LEMA","All","family","family"
"3028",0.850771499466549,0.0415887626361566,0.00878224103057423,0.101337487208293,3.02718168201785e-05,"LEMA","All","family","family"
"3029",0.853461113292399,-0.00402607907673214,0.0371154517606733,-0.0270955507947482,-0.0113030256375116,"LEMA","All","family","family"
"3030",0.863162880785226,0.0675051120936694,-0.00501421692957904,-0.0735580074568925,0.0453438078226013,"LEMA","All","family","family"
"3031",0.855946200011494,-0.128752879321919,-0.0528357648827129,-0.108431803713237,0.0183044596373139,"LEMA","All","family","family"
"3032",0.866166785657531,0.0581603752724482,-0.0676850726389225,-0.0704577239483252,0.0714766749045217,"LEMA","All","family","family"
"3033",0.856459025718564,-0.106512239046804,-0.0134456294606203,-0.108179428722343,0.0818292001089547,"LEMA","All","family","family"
"3034",0.861479650800916,-0.044545223239278,-0.0325471545676397,-0.0233391273356135,0.0354375508844473,"LEMA","All","family","family"
"3035",0.856641113529937,0.0197767044870281,0.00911852790946432,0.0243486901552767,0.071399038129229,"LEMA","All","family","family"
"3036",0.843140979848466,0.11795933161706,0.0171132069513498,-0.0380553797173624,0.0747834070622948,"LEMA","All","family","family"
"3037",0.861250152766214,-0.332636096422287,-0.0245557951953089,0.0109811379101932,0.0254321861685295,"LEMA","All","family","family"
"3038",0.872000335409393,-0.0373351411500711,-0.0730157585489744,-0.0879485267170449,0.0388748332219592,"LEMA","All","family","family"
"3039",0.852603462628746,-0.0401377186619567,-0.0403307804196332,0.0157748036933489,0.0226191726778044,"LEMA","All","family","family"
"3040",0.845548824700369,0.0764998560393122,0.0361337417535514,-0.0172286701703003,0.0136815520257736,"LEMA","All","family","family"
"3041",0.836226069430534,0.112160046751582,0.00415272118651888,0.0718794062539577,0.0972168744501484,"LEMA","All","family","family"
"3042",0.866629013597482,0.0325280861804225,-0.0532496307870733,-0.0862709006472242,-0.00757419206285964,"LEMA","All","family","family"
"3043",0.866479621625899,-0.114320979907665,0.0413616853769525,0.00320919029070415,-0.0253223434745996,"LEMA","All","family","family"
"3044",0.861062959223704,-0.183287332325243,-0.044344777152562,-0.153613843109462,0.0623280500516101,"LEMA","All","family","family"
"3045",0.868014132153732,-0.185209110058437,-0.00260357467251959,-0.147793717970155,0.0454622676660382,"LEMA","All","family","family"
"3046",0.85866096271265,-0.0755528104416212,0.0216154216750013,0.0105404086009831,-0.031773905714933,"LEMA","All","family","family"
"3047",0.852366661864441,-0.0686353607994005,-0.0268767038208639,-0.0432533427062262,0.113793103886281,"LEMA","All","family","family"
"3048",0.855944230925161,-0.0617925316816852,-0.00868144068957077,-0.0372192117601012,-0.0268355865849208,"LEMA","All","family","family"
"3049",0.861569895077457,-0.145507067764011,-0.0566840315898469,-0.0709070045793393,-0.00205518420549572,"LEMA","All","family","family"
"3050",0.856210363974501,-0.00243783700390365,-0.0261905961721187,-0.108215888596567,0.0859731133829359,"LEMA","All","family","family"
"3051",0.855881500205259,0.00579867063686645,-0.0157390163898303,-0.0453270440290434,0.00538752941707464,"LEMA","All","family","family"
"3052",0.858617167608105,-0.0872671938797197,0.00162335247579737,-0.0600666916361561,0.0437693968478346,"LEMA","All","family","family"
"3053",0.858765241709293,-0.0962194997600104,-0.00846505771044681,-0.0366522248454908,0.0108374741605726,"LEMA","All","family","family"
"3054",0.863205603100949,-0.159160027725791,-0.00634352973243701,-0.0891097375986991,0.062015186844229,"LEMA","All","family","family"
"3055",0.865514083709838,0.00150925925154888,-0.0344528686657815,-0.0241967629645413,-0.0127930580478815,"LEMA","All","family","family"
"3056",0.869229036594348,-0.00562413347393886,-0.0287335340833139,-0.0770509459495886,-0.0306126645645577,"LEMA","All","family","family"
"3057",0.878140553077434,-0.175606460167839,-0.105124808541787,-0.156233410813616,0.11215765532394,"LEMA","All","family","family"
"3058",0.863720434159939,-0.0703155463450532,-0.0422832552599783,-0.0639480968150498,0.0172978078792919,"LEMA","All","family","family"
"3059",0.862144289405248,0.0531143726355801,-0.0404465862688171,-0.0384790522585433,0.0240750328325734,"LEMA","All","family","family"
"3060",0.87049730511843,0.0660140816563402,-0.100845304768415,-0.0252153460215522,0.0198210614530179,"LEMA","All","family","family"
"3061",0.848076584726593,0.230163660144635,0.024566468031024,0.0429104247032286,-0.0126766325242331,"LEMA","All","family","family"
"3062",0.864630032026437,-0.170081552986021,-0.0739709810014598,-0.0447180551199741,0.0507607849044044,"LEMA","All","family","family"
"3063",0.87770328651398,-0.0259401886927996,-0.0556889581461518,-0.145003314167552,-0.0397160856467949,"LEMA","All","family","family"
"3064",0.866719288354852,-0.0607731951383157,0.00206382714358777,-0.0689247164670938,-0.050711179645004,"LEMA","All","family","family"
"3065",0.871419107065232,-0.0271591622016351,-0.0705362964947752,-0.0731249860304877,0.0718556982476131,"LEMA","All","family","family"
"3066",0.866307894084608,0.0509883482733089,-0.0554792759476443,-0.00360805902438239,-0.0125081619200712,"LEMA","All","family","family"
"3067",0.853379011123676,-0.0240417527133284,-0.0066645319262576,0.0355621192006503,0.00606563922547881,"LEMA","All","family","family"
"3068",0.867947853157598,-0.175986048932741,-0.0732057665022077,0.0153050627149518,0.0938536955038449,"LEMA","All","family","family"
"3069",0.865338790528831,-0.157672437249452,-0.0181981093153958,-0.0670971634773752,0.0473960400057116,"LEMA","All","family","family"
"3070",0.861404937777445,-0.0290587752336471,-0.0221727165306272,-0.0731597241660706,0.0036670496497357,"LEMA","All","family","family"
"3071",0.877231489369239,-0.0094196975711377,-0.0669601507246754,-0.016492893655915,-0.0524459574946978,"LEMA","All","family","family"
"3072",0.85579105514173,-0.243758163701324,-0.0199874935042919,0.0130136040690801,0.0693088045015581,"LEMA","All","family","family"
"3073",0.853046811568936,-0.104707699574886,0.0233742495485614,-0.117695978045861,0.108841862361264,"LEMA","All","family","family"
"3074",0.864570092606816,-0.179052744219262,-0.0646222932234066,0.0375388014102704,0.0473258770543521,"LEMA","All","family","family"
"3075",0.859302438730709,0.0631958488356654,-0.045789350624075,-0.0318634273963876,0.0311096768112586,"LEMA","All","family","family"
"3076",0.852432317385593,-0.0473831006748945,-0.00588710991313701,0.0437420355242534,0.0522177608537665,"LEMA","All","family","family"
"3077",0.852037380618204,0.0557227276336456,0.0169517867313866,-0.0978968760957754,0.100895770064143,"LEMA","All","family","family"
"3078",0.851488210051748,-0.126536142563751,0.0115603811068246,-0.0105186959547667,0.0685560644926715,"LEMA","All","family","family"
"3079",0.855273871736697,-0.194813772392445,-0.0450199403769712,-0.0477404706432165,0.0755514525104878,"LEMA","All","family","family"
"3080",0.863609845135766,-0.0277798023157125,-0.0330369245633613,-0.100049510591486,0.00423175869320227,"LEMA","All","family","family"
"3081",0.852034423574878,0.0482378994307149,-0.0113851258208486,0.0336071835011979,0.0424716300859299,"LEMA","All","family","family"
"3082",0.861709300626722,-0.0682294355108506,-0.0759439174369658,-0.110941057875873,0.0628555249813286,"LEMA","All","family","family"
"3083",0.84698187219374,0.0525306444545728,0.0273116045940751,-0.0530941982090687,0.071175968603325,"LEMA","All","family","family"
"3084",0.864555994109868,-0.116289556952196,-0.0253134484938908,-0.0144428984203557,0.0558506939136749,"LEMA","All","family","family"
"3085",0.869170104993266,-0.181138929187055,-0.0439366841711875,-0.0428763907147791,0.0553065210653097,"LEMA","All","family","family"
"3086",0.861479324284003,0.104862838005146,-0.0652183744558754,-0.0421932586746086,0.0153130990031551,"LEMA","All","family","family"
"3087",0.847224687706066,-0.0108230104785916,-0.0288192013442596,-0.00811144376718611,0.0315650978039749,"LEMA","All","family","family"
"3088",0.863383126204592,-0.0463043256460655,-0.0640958893474256,-0.126779855675549,0.025843452988758,"LEMA","All","family","family"
"3089",0.859356868058118,0.107199777008947,-0.0264772066714081,0.0344678639294496,-0.00633661954189727,"LEMA","All","family","family"
"3090",0.86524270536777,-0.0975869261286415,-0.0687928859142317,0.0122925325502598,0.0509813432485571,"LEMA","All","family","family"
"3091",0.866577686569685,-0.0923624335217541,-0.0659159948478434,-0.0324413820482333,0.0459785871675109,"LEMA","All","family","family"
"3092",0.875891965257028,-0.142831229831359,-0.0344819247868261,-0.123191056416323,0.0234567674408442,"LEMA","All","family","family"
"3093",0.854627590772089,0.0360642798528257,-0.0349568788959664,0.0124235209459382,0.0134945100067474,"LEMA","All","family","family"
"3094",0.864603559904952,-0.051702681082192,-0.0134623763646127,6.54480786357447e-05,0.0384089467844074,"LEMA","All","family","family"
"3095",0.858678562881425,-0.153370464641991,-0.017661731693962,0.0171684970752465,0.023610617420695,"LEMA","All","family","family"
"3096",0.878149945734467,0.0258195497076279,-0.077287533693259,-0.123771364881314,-0.0234306370472914,"LEMA","All","family","family"
"3097",0.874291908620174,0.0653987557759412,-0.0838426859144923,-0.0516891648309005,-0.0167123885742008,"LEMA","All","family","family"
"3098",0.856920050745412,-0.2091697054851,-0.00809360444224183,-0.0117957531140886,0.000212932253659132,"LEMA","All","family","family"
"3099",0.864162150683502,-0.0561438185321782,-0.0600666250220748,-0.0326027218195388,0.0212772201559939,"LEMA","All","family","family"
"3100",0.859509225774833,-0.0520554454346399,-0.00516131364403816,0.0708478995188652,0.0201003168952002,"LEMA","All","family","family"
"3101",0.868406995127305,-0.176283644505358,-0.111806847042611,-0.0809363336807092,0.0496140464622971,"LEMA","All","family","family"
"3102",0.863618406081353,-0.0202591662671587,-0.0757002535245053,-0.0262933621450548,-0.0179142068048348,"LEMA","All","family","family"
"3103",0.868607152920339,-0.0208005135587244,-0.0491675196350631,-0.0402122408203561,-0.0177152507935078,"LEMA","All","family","family"
"3104",0.869217125530496,-0.116242495440611,-0.0645276916249938,-0.107793638646688,0.00188306727537807,"LEMA","All","family","family"
"3105",0.862052184767615,-0.161594742812991,-0.0537932823731234,-0.0137133617608606,0.089416852713858,"LEMA","All","family","family"
"3106",0.86874354903532,-0.117500653078816,-0.0537103947952682,-0.0515131626167404,0.0268744455716731,"LEMA","All","family","family"
"3107",0.871449607048694,-0.0119274978549788,-0.0307713115269046,-0.0418256442554256,0.0154516674392636,"LEMA","All","family","family"
"3108",0.854697393169183,-0.0924075792100629,-0.0103718871754944,-0.0342527578310183,0.0637331136882233,"LEMA","All","family","family"
"3109",0.861129601298475,-0.151797504407146,-0.0463380227148532,-0.0260697211794646,-0.00700421114021225,"LEMA","All","family","family"
"3110",0.86684087850493,-0.183216361767865,-0.0271106545864755,0.0396423515600342,-0.0192697016330439,"LEMA","All","family","family"
"3111",0.875987147072821,0.0727137980262489,-0.0844184616332136,-0.0344220370117149,0.0076338131155626,"LEMA","All","family","family"
"3112",0.863392709734607,-0.147476410535484,-0.0580211168763659,-0.0600109893550852,0.0385018401052047,"LEMA","All","family","family"
"3113",0.863405973745745,-0.166855214432974,-0.051112648150241,-0.0291331886273162,0.0409898389636877,"LEMA","All","family","family"
"3114",0.858106935982666,0.00347093364392248,-0.0312224850633525,-0.0412385312646585,0.00547707513425212,"LEMA","All","family","family"
"3115",0.855093654577543,-0.137788416558133,-0.0365682118012124,-0.0169917682877997,0.082214513894898,"LEMA","All","family","family"
"3116",0.870257783566502,0.0228992683058722,-0.0491641749603269,-0.0382933593965243,0.0098906495363905,"LEMA","All","family","family"
"3117",0.857239549574722,-0.027737136553645,-0.0658905884631161,-0.020855051569487,-0.0137437843340853,"LEMA","All","family","family"
"3118",0.86475075421205,0.101033294741129,-0.0669905573440263,-0.0423314496822791,-0.0172005392863082,"LEMA","All","family","family"
"3119",0.864958309089485,-0.126746351959923,-0.0283624707343048,-0.0206362429487003,0.0361480120169827,"LEMA","All","family","family"
"3120",0.85669631515729,0.0468496715100373,0.0018563700960823,-0.0388217099793087,0.0139667550551505,"LEMA","All","family","family"
"3121",0.852908052445562,0.0551612602057496,-0.0311565610414428,-0.0807038587283033,0.044160467901387,"LEMA","All","family","family"
"3122",0.864061402300069,0.00297463765163264,-0.0505525344668283,0.0251195059626967,-0.0246729071647118,"LEMA","All","family","family"
"3123",0.862211583124372,0.073808546710179,-0.019036679466647,0.0715488865224246,-0.0325188768562882,"LEMA","All","family","family"
"3124",0.876533882367478,-0.100749536811041,-0.103076443277754,-0.0591041673515037,0.0103923438172943,"LEMA","All","family","family"
"3125",0.864847039617992,0.0205274389087209,-0.0322182092851339,-0.113962653634331,0.0404639355806859,"LEMA","All","family","family"
"3126",0.85433944262868,-0.100542403399243,0.0454235121185438,-0.0372846725049844,0.0295753747436577,"LEMA","All","family","family"
"3127",0.855626563806711,-0.1197451646,-0.0270169443053474,-0.00533075813674214,0.0453655368755739,"LEMA","All","family","family"
"3128",0.869569642277282,-0.0948139863917825,-0.0888795146538013,-0.166463892451808,0.0583069953007175,"LEMA","All","family","family"
"3129",0.861511850222489,-0.0969442000491056,-0.0179283013219852,-0.00517698861766143,0.00574963827455042,"LEMA","All","family","family"
"3130",0.858683811921337,-0.0781245784725795,-0.0489494121186594,0.00726567105629958,0.097555314516391,"LEMA","All","family","family"
"3131",0.862392581516553,-0.0444154113499279,-0.0569977884772639,-0.0380311994051421,0.0816503608741408,"LEMA","All","family","family"
"3132",0.870502047435515,-0.0799281328463244,-0.0545002049646702,-0.083182130783746,0.0292192821906707,"LEMA","All","family","family"
"3133",0.872418532229968,0.054249278821012,-0.0737692678643497,-0.0753064760698519,-0.00231227035320865,"LEMA","All","family","family"
"3134",0.868012701916219,-0.0707315961499158,-0.0628883546413491,-0.00125295597651411,-0.0156737568471313,"LEMA","All","family","family"
"3135",0.877200764390686,-0.00404339232343853,-0.115409113602886,-0.0641481520264715,-0.0286668771066373,"LEMA","All","family","family"
"3136",0.868574649959102,0.0668965467190981,-0.0494125242487172,-0.0328960027585724,0.0664100470223927,"LEMA","All","family","family"
"3137",0.876181502511514,-0.05617344836949,-0.0914106935091464,-0.0162030881723949,-0.0684765425597716,"LEMA","All","family","family"
"3138",0.865422185531666,0.024732796143323,-0.0526967239495091,-0.0487889308211697,-0.0680344495144887,"LEMA","All","family","family"
"3139",0.854452002607143,-0.0469473860620481,-0.044870517067816,-0.0789054377421913,0.0634995605778589,"LEMA","All","family","family"
"3140",0.863059243605679,-0.0549486342438669,-0.0429556799355896,-0.0678238913556287,0.0410069692204047,"LEMA","All","family","family"
"3141",0.871962631746328,0.0282546372534465,-0.075564326217568,-0.0808450353022894,-0.0270298111540022,"LEMA","All","family","family"
"3142",0.865530548132838,0.0962411099917539,-0.0670227704901425,-0.0156896651040783,0.0691371541290896,"LEMA","All","family","family"
"3143",0.858511836984535,-0.0762482014838552,-0.0138175250120666,-0.0888236981960861,0.00752698811060647,"LEMA","All","family","family"
"3144",0.858212907743741,-0.0406197358294597,-0.0457739026695416,-0.0277284589265038,0.098478087253987,"LEMA","All","family","family"
"3145",0.871176079072814,-0.0403734872325656,-0.0412713534850666,-0.00300979168200195,-0.00493374598979583,"LEMA","All","family","family"
"3146",0.856372031635686,-0.0895586054163178,-0.0233038894432545,-0.0487576604898944,0.0479293463844798,"LEMA","All","family","family"
"3147",0.857741387742556,0.00203978454258924,-0.0140541656690419,-0.026233238181216,0.0277370915507723,"LEMA","All","family","family"
"3148",0.87610271349234,0.0465104406256622,-0.102471752076423,-0.117419474778913,0.00567074023692287,"LEMA","All","family","family"
"3149",0.854386819134401,0.0701130935679193,-0.0019132404340676,0.0209583949007618,0.0374053758539855,"LEMA","All","family","family"
"3150",0.858997984699719,0.176277246545133,-0.0923386352317265,-0.00615175118486799,0.0522800362209274,"LEMA","All","family","family"
"3151",0.848432287658118,0.077056139522262,-0.0389197394242481,0.0758155605836741,-0.00213381793111057,"LEMA","All","family","family"
"3152",0.868387195766595,-0.110575079569606,-0.0671433914871735,-0.068865294678225,0.0457569948135162,"LEMA","All","family","family"
"3153",0.864558731728245,-0.0489782267745228,-0.102313203824125,-0.108506976962618,0.0840863039864931,"LEMA","All","family","family"
"3154",0.872792112168754,-0.286007950907388,-0.0109060661986286,-0.0713527805689529,-0.0425322292896397,"LEMA","All","family","family"
"3155",0.855075989792867,-0.0507146630365586,0.0310788344104171,-0.0792677233085491,0.0250332998997514,"LEMA","All","family","family"
"3156",0.874662381913202,-0.173696587734082,-0.114391982250526,-0.117247799496592,0.0112301382993135,"LEMA","All","family","family"
"3157",0.880501291687066,0.0470435118414076,-0.107978862896597,-0.135960145168945,-0.0105073677102232,"LEMA","All","family","family"
"3158",0.860555685575783,0.00158121727708527,-0.0306366117004119,-0.0817735967653782,0.0591099643698708,"LEMA","All","family","family"
"3159",0.868451251739239,0.0535754384569129,-0.0491571404711513,-0.0568285822689209,0.0164426102431148,"LEMA","All","family","family"
"3160",0.855323725799039,-0.300513806478033,0.0105965957538143,0.0801765730880538,-0.0340477149501059,"LEMA","All","family","family"
"3161",0.876499465006385,-0.0478304632938882,-0.05741561978697,-0.101827890366311,-0.0387212712842172,"LEMA","All","family","family"
"3162",0.864760275030772,0.106591482226735,-0.0226283715920048,-0.166639116906317,0.00416668669551114,"LEMA","All","family","family"
"3163",0.863615995447289,-0.11263990660376,-0.0268098035808251,-0.0953984118141358,0.0373001156223019,"LEMA","All","family","family"
"3164",0.867689153038636,0.020562669860875,-0.0730855203631512,-0.0915690077139032,0.0429574615562107,"LEMA","All","family","family"
"3165",0.869998667556137,-0.0929476406498593,-0.0374982172010102,-0.0854294351371545,0.0716535356333441,"LEMA","All","family","family"
"3166",0.865340088762334,-0.0943184478791153,-0.0264370964016198,-0.0865593787445297,-0.0278716552567952,"LEMA","All","family","family"
"3167",0.853031071228832,-0.0712018188055059,0.00415439825876374,-0.047832148269092,0.017061728919281,"LEMA","All","family","family"
"3168",0.863839562515448,0.0393491832413595,-0.0180018528061269,-0.0948986882957206,0.0473372514500223,"LEMA","All","family","family"
"3169",0.844382656928925,0.0830632194948726,0.0124388366324311,-0.00516833805550835,0.107293878819022,"LEMA","All","family","family"
"3170",0.845931849109846,-0.0382743826009965,-0.00968452124925878,-0.063950989230284,0.0501464363264642,"LEMA","All","family","family"
"3171",0.860323822400423,6.33822820799157e-05,-0.0250936743924863,-0.0387815233360357,-0.00530894629123037,"LEMA","All","family","family"
"3172",0.865089956584009,0.0154380826768323,-0.00854272787605459,-0.073441726068409,0.0748580910317012,"LEMA","All","family","family"
"3173",0.868178146629026,-0.118656879182516,-0.0678672095306602,-0.00546554884512578,-0.0194642493459819,"LEMA","All","family","family"
"3174",0.858968533744586,-0.136244916637725,-0.0227690418846844,-0.0200569065395524,0.0276436659373293,"LEMA","All","family","family"
"3175",0.859328369899886,-0.1609730673608,-0.0468969506008952,-0.0617980612309157,0.0815714179363042,"LEMA","All","family","family"
"3176",0.8589520779157,-0.011191731700106,-0.0425382535210431,-0.0506338064222241,0.0914217977936993,"LEMA","All","family","family"
"3177",0.860136045178622,-0.156000000838489,-0.0263037262465695,-0.0829440660813392,0.105577375526548,"LEMA","All","family","family"
"3178",0.846754928302292,-0.0453374370990841,-0.0019868979666271,-0.0239594602831672,0.0639118473792451,"LEMA","All","family","family"
"3179",0.86053379231637,-0.0556645532900554,-0.0504900896849476,0.0380665244850583,0.0709013401400588,"LEMA","All","family","family"
"3180",0.85419737257115,-0.00474415864475675,-0.0341490739319034,-0.0569582263745022,0.0787110007771914,"LEMA","All","family","family"
"3181",0.867606040448285,-0.209728542596919,-0.0607761062971753,-0.00731681267648786,0.0252354746491726,"LEMA","All","family","family"
"3182",0.86391705132473,-0.0253872129515744,-0.0755054084703144,-0.11227740757642,0.0478873777236377,"LEMA","All","family","family"
"3183",0.87431673982945,0.0829467012152345,-0.108630895851167,-0.0879486796634247,-0.0354908132240782,"LEMA","All","family","family"
"3184",0.865998495791074,-0.0270231362341459,-0.0217655795206169,-0.144987620642648,0.0185885308606912,"LEMA","All","family","family"
"3185",0.845926199842215,0.0516502757675827,-0.0316495921228132,-0.00374552285736372,0.127719812387226,"LEMA","All","family","family"
"3186",0.863620119309635,-0.087537950939655,-0.0661457101833652,-0.0331690863686675,0.0110609603194266,"LEMA","All","family","family"
"3187",0.862567149004239,0.0926999169042269,-0.0205664939233401,-0.0192171248938479,-0.0367547551200754,"LEMA","All","family","family"
"3188",0.853889240101578,0.0056600821645072,-0.00436580246647911,0.0332483226215231,-0.0317795074237404,"LEMA","All","family","family"
"3189",0.881016730862584,-0.139506032871056,-0.0634091018974382,-0.177471851022495,-0.0113500479569882,"LEMA","All","family","family"
"3190",0.865221631603311,0.0240430795817987,-0.0707149294041913,-0.07372339665491,-0.0138523636386428,"LEMA","All","family","family"
"3191",0.87153247069495,-0.0411623435969638,-0.131421452149474,-0.0560626336308998,0.00419700731953978,"LEMA","All","family","family"
"3192",0.849768087395543,0.0664636870689563,0.0207870528146819,-0.00927618024491823,0.027577505793915,"LEMA","All","family","family"
"3193",0.860422872239175,-0.0146121819848398,-0.02905014219255,0.0513151585955873,-0.0266583625698745,"LEMA","All","family","family"
"3194",0.861542403949699,-0.118828119129047,0.0193028280154846,-0.0360634112144168,0.022445737286951,"LEMA","All","family","family"
"3195",0.861220775717474,-0.210916466003757,-0.0526202753196181,-0.0704422212055386,0.0977855705010488,"LEMA","All","family","family"
"3196",0.873653536799007,0.0483623701001492,-0.0411621667496279,-0.0897379271967683,-0.0338637110685872,"LEMA","All","family","family"
"3197",0.868214566725589,-0.0300112086612266,-0.0150903903642874,-0.0475296139488851,-0.0276086913138062,"LEMA","All","family","family"
"3198",0.861557283900636,0.125417032372576,-0.0111565348376149,-0.0289055080090176,0.00442245156975841,"LEMA","All","family","family"
"3199",0.855050806210377,-0.0251331424480656,-0.0398794312488665,-0.0406758245504787,0.0830994146522786,"LEMA","All","family","family"
"3200",0.86252215514572,-0.0864701317080293,-0.0323346295510277,-0.0427899522223898,0.0532999267238191,"LEMA","All","family","family"
"3201",0.843549911187869,-0.176004261682189,0.0182831068942988,0.0691329477317785,0.0398535486269961,"LEMA","All","family","family"
"3202",0.870054446646836,-0.0485280165779353,-0.0977552598526675,-0.0523296355859514,-0.0414219383330201,"LEMA","All","family","family"
"3203",0.866160012887702,-0.10231221345137,-0.0564796694381481,-0.0871421566165583,0.0175976400094207,"LEMA","All","family","family"
"3204",0.858286128303359,-0.0201122596018154,-0.0433002963412866,-0.0770705230724578,0.0387885734057861,"LEMA","All","family","family"
"3205",0.869586469646703,-0.0298429407726271,-0.119406064081263,-0.0751217683561967,-0.0234232600681303,"LEMA","All","family","family"
"3206",0.857806279557204,0.176462137075631,-0.0235255442983615,-0.0476323063122209,0.0191071092481523,"LEMA","All","family","family"
"3207",0.879176837779936,0.0954055606703406,-0.0891289226071639,-0.0884250216100001,-0.0514930601481988,"LEMA","All","family","family"
"3208",0.864917884577767,0.0148043230120347,-0.0900765142678012,-0.0590289370319664,0.0445434700903297,"LEMA","All","family","family"
"3209",0.852085474757913,-0.0696096888274186,0.000675747841325736,-0.0773783178062169,0.103114866359616,"LEMA","All","family","family"
"3210",0.860076928717212,0.128277837499679,0.0145132056582651,-0.0719148641422208,0.0121111340176714,"LEMA","All","family","family"
"3211",0.855810682010093,-0.132868784856892,-0.0102368105688548,-0.0339144345882248,0.00114587485441899,"LEMA","All","family","family"
"3212",0.844682935412921,-0.0892966187953076,0.0106917308250181,-0.074882655387521,0.101583403019108,"LEMA","All","family","family"
"3213",0.864284830807914,-0.0777379082679238,-0.0200769391236914,-0.069435080225024,-0.00358379319479065,"LEMA","All","family","family"
"3214",0.871827535337555,-0.225781582407158,-0.0540692595516853,-0.0817046322594795,0.0816620287158543,"LEMA","All","family","family"
"3215",0.865453356572005,-0.0642962077442444,-0.102611949844753,-0.0306423145734662,-0.0105149603211937,"LEMA","All","family","family"
"3216",0.852593760366677,0.13008975856605,-0.0162406317374988,0.0255622481356731,0.0109778233140309,"LEMA","All","family","family"
"3217",0.857453683168625,-0.00311476646572706,-0.0256038895473485,-0.019286221471199,-0.00563806960587814,"LEMA","All","family","family"
"3218",0.857528367010069,0.0305733672087776,-0.00309952061035246,0.0114792076487283,0.0335290154484065,"LEMA","All","family","family"
"3219",0.855499211591234,-0.0387188992472601,-0.0767965270805467,-0.024371987775219,0.077666358695734,"LEMA","All","family","family"
"3220",0.868093095799791,0.218041682003978,-0.0576023352134447,-0.108605156629374,0.0607461320085256,"LEMA","All","family","family"
"3221",0.847806112090381,0.0651697958354673,0.0269080787845455,-0.0591216812616523,0.0201551401152999,"LEMA","All","family","family"
"3222",0.86360555088219,0.0785449189774867,-0.0402754825870725,-0.107662820818616,0.0224579102572581,"LEMA","All","family","family"
"3223",0.866672555115655,-0.131484470447951,-0.0392740648098118,-0.0634440153674217,0.0818398310421301,"LEMA","All","family","family"
"3224",0.858227707921708,0.0262219734951954,-0.004145107609279,0.0321753130055996,0.0373672126708294,"LEMA","All","family","family"
"3225",0.853875247435592,-0.0173501245580563,0.0261367213627353,0.00908271722224597,-0.00972432965685899,"LEMA","All","family","family"
"3226",0.873274077447284,-0.0461642211922089,-0.0591538730348523,-0.118021481978971,0.0103579860384182,"LEMA","All","family","family"
"3227",0.871411486664589,-0.289849889603021,-0.0609483686418547,-0.0562242963165465,0.0172694322399548,"LEMA","All","family","family"
"3228",0.866379772700462,-0.0181743486784355,-0.0441505037823845,-0.00328629368158382,0.000934614190836327,"LEMA","All","family","family"
"3229",0.847665272846373,0.0436493346024258,0.0120730409530061,-0.0208457489061766,0.0483597112875527,"LEMA","All","family","family"
"3230",0.850506586815749,0.145893837479722,-0.0138620016990557,-0.0195916275007317,0.0434876908093873,"LEMA","All","family","family"
"3231",0.861306053415607,-0.0316818291098607,-0.0462099278557752,0.0214958875241676,0.0535339661441819,"LEMA","All","family","family"
"3232",0.858304553611846,0.0869714064804554,-0.060677651449962,-0.0850909688860298,-0.0119031710274611,"LEMA","All","family","family"
"3233",0.866428104163545,0.0461503548773314,-0.0700462469397288,-8.38237032922333e-05,0.0546994666064581,"LEMA","All","family","family"
"3234",0.862733063572078,-0.164435454866555,-0.0399384486856262,-0.0542736207314533,0.0254408279840099,"LEMA","All","family","family"
"3235",0.858551695757847,0.0256002381368818,-0.0446822343229848,-0.0094917695961714,0.0266916423146972,"LEMA","All","family","family"
"3236",0.868280184219864,-0.0484846969997604,-0.0650719582854266,-0.0830126399898268,0.0617527223254852,"LEMA","All","family","family"
"3237",0.858566692149867,-0.190298038029874,0.047546048247614,0.0291083493349791,-0.0546125850488797,"LEMA","All","family","family"
"3238",0.861827359882437,-0.0709364863388807,-0.0509244658443865,-0.120305595721416,0.0250786497897501,"LEMA","All","family","family"
"3239",0.864696312676917,-0.031165086263778,-0.0596428089980883,-0.0799867552329183,0.0796301756899158,"LEMA","All","family","family"
"3240",0.857456664808399,-0.0115933577077461,0.0263469158578717,-0.0290894652974996,0.0675536032082938,"LEMA","All","family","family"
"3241",0.870511302321298,-0.0567868944410184,-0.0664555726186462,-0.0434016448550684,-0.0554855682177498,"LEMA","All","family","family"
"3242",0.870906670930962,-0.0552783834962629,-0.0780412803836442,-0.0546308133416236,0.0444611253925805,"LEMA","All","family","family"
"3243",0.854868174649127,-0.0638788229391216,-0.0401051871965792,-0.101747241020414,0.0505288114797348,"LEMA","All","family","family"
"3244",0.857635240306779,-0.0723156577220008,-0.0186535364592973,-0.0502016856327036,0.0135868204192097,"LEMA","All","family","family"
"3245",0.862976968507566,-0.037685084115251,-0.0511328073076178,-0.026007330387493,0.0408615386072784,"LEMA","All","family","family"
"3246",0.861749517879899,0.113228425278467,-0.0549237249928496,-0.0558659149573304,0.0268616939690634,"LEMA","All","family","family"
"3247",0.865224945265447,-0.114174034294765,-0.0624787901967725,-0.070900034167632,0.0354570030935318,"LEMA","All","family","family"
"3248",0.858875424273624,-0.0158860909225734,-0.0153607628604229,0.00788253180612247,-0.000693737088948203,"LEMA","All","family","family"
"3249",0.86604562759279,-0.0526729977568126,-0.0174583731040462,-0.0105737079150776,-0.0116373861517998,"LEMA","All","family","family"
"3250",0.854466817631587,-0.0142245299917415,0.0338251898396047,0.0798835896887089,0.0564016340457438,"LEMA","All","family","family"
"3251",0.884924186689815,-0.213638425396411,-0.0616621775141644,-0.11418813912004,-0.0390527203177595,"LEMA","All","family","family"
"3252",0.864013575095216,-0.0470134735995585,-0.0732797859666094,-0.0291884596564039,0.0206918150917511,"LEMA","All","family","family"
"3253",0.84962558569442,0.0545554896757239,0.0317595938098698,-0.0034571297555048,0.0479114405822976,"LEMA","All","family","family"
"3254",0.869519731285893,-0.106218399199744,-0.0450769604774562,-0.0445541796527627,0.0249027801279917,"LEMA","All","family","family"
"3255",0.855123046475579,-0.0988747185722664,0.0214941186896158,-0.0453373141309328,0.0404361584259755,"LEMA","All","family","family"
"3256",0.856871572003101,-0.136743693010664,-0.0485657248017612,-0.0203906939936719,0.104465997724484,"LEMA","All","family","family"
"3257",0.856898145285083,-0.11464634720328,-0.00971085527288018,-0.0625104206363948,0.0302549454230515,"LEMA","All","family","family"
"3258",0.866479929057135,0.126656619832878,-0.0713553852839626,0.0262069674780558,0.0508908145247392,"LEMA","All","family","family"
"3259",0.853412911466881,0.0173974462973456,-0.0107691486415807,-0.0643149645028196,-0.0172148826534493,"LEMA","All","family","family"
"3260",0.864146843213532,0.0481297294605505,-0.0319912548239045,0.0266924791355044,0.0232052389843773,"LEMA","All","family","family"
"3261",0.852048987339015,-0.0686723952624695,-0.0268534357599719,-0.0244811442637019,0.013556809025808,"LEMA","All","family","family"
"3262",0.845093200376596,-0.0269211256697854,0.0581790872735521,-0.0196268795445736,0.0827233690915528,"LEMA","All","family","family"
"3263",0.846992093847584,-0.125970843561184,0.02118376937008,-0.00950048559438649,-0.0471670856151881,"LEMA","All","family","family"
"3264",0.862583782682561,0.0161729408884363,-0.0242674452378532,-0.0484454621564384,0.0874873687408587,"LEMA","All","family","family"
"3265",0.848932009253164,-0.126541950029582,-0.0074936603195217,-0.0391083621785528,0.0722910912544933,"LEMA","All","family","family"
"3266",0.867986862277048,0.0520292763398555,-0.0503896438724292,-0.12721380887274,0.0365466042821358,"LEMA","All","family","family"
"3267",0.86416662844485,0.0560997473160474,-0.028146568186935,-0.123167286507803,-0.00550411422915225,"LEMA","All","family","family"
"3268",0.845412500775274,0.0554875609008787,-0.00838956870045882,0.0805677487075402,0.0191953970237836,"LEMA","All","family","family"
"3269",0.868574175611508,-0.108341028325702,-0.0345808385517484,0.012884782820417,0.0138697480159947,"LEMA","All","family","family"
"3270",0.873670462869783,0.0445695418845715,-0.0598365931219794,-0.102701553964118,-0.0526174422182213,"LEMA","All","family","family"
"3271",0.857835679535884,0.0235402995734015,-0.0440825939041674,-0.0645390668111832,0.0552412701654478,"LEMA","All","family","family"
"3272",0.862116808636256,-0.14046132603056,-0.0392787622531157,-0.0808788877792842,0.0917623717320113,"LEMA","All","family","family"
"3273",0.865803827755674,-0.0958144237666736,-0.0556935575194186,0.0109759516585031,0.072249613200857,"LEMA","All","family","family"
"3274",0.866398474692849,-0.132570649325905,-0.0371352468421268,0.0216570646547918,-0.0297795943463854,"LEMA","All","family","family"
"3275",0.851661024575974,-0.110663407649237,0.00981405019139503,0.0517420485032864,0.0609695230572938,"LEMA","All","family","family"
"3276",0.873499212539914,0.0866305128881455,-0.0445761907740331,-0.0750430870010935,-0.041689911000895,"LEMA","All","family","family"
"3277",0.84480266683526,-0.127251840171765,0.0297649432389835,0.0786603736397843,0.033134696552576,"LEMA","All","family","family"
"3278",0.86651816058671,-0.0423115894339268,-0.0875154194697413,-0.00415115769932778,-0.0151457340147159,"LEMA","All","family","family"
"3279",0.857879784421683,0.185055216298831,-0.0280781206020314,-0.023437733326928,0.0240689853432703,"LEMA","All","family","family"
"3280",0.857664404086219,-0.0837980840829279,0.00648130285598736,-0.0680339181389031,0.0678740898692872,"LEMA","All","family","family"
"3281",0.852778982065811,-0.0455236204513493,-0.0244818282693937,-0.0130300574798809,0.0770052622270627,"LEMA","All","family","family"
"3282",0.853514889111794,-0.0659882203626853,0.0160366494761779,-0.0709731371800316,0.0507469365362712,"LEMA","All","family","family"
"3283",0.865640543283395,-0.00801032067011453,-0.054727473184625,-0.00736538021694207,0.0170544673097307,"LEMA","All","family","family"
"3284",0.862998215494746,-0.10032650494511,-0.0128163105366329,-0.0132253260541307,0.0228363288039199,"LEMA","All","family","family"
"3285",0.867604400663366,0.0521531726233424,-0.0778648537730994,-0.0320224864739853,-0.014745307619221,"LEMA","All","family","family"
"3286",0.874741979494625,-0.0444279068333606,-0.116809219573807,-0.104649668126956,0.0173717417492292,"LEMA","All","family","family"
"3287",0.871330753799979,-0.187803337118242,-0.0797710964009899,-0.120705386894288,-0.0194451592210799,"LEMA","All","family","family"
"3288",0.869203484456304,-0.110929808919381,-0.0964580400591718,-0.0641811864440123,0.0463450652656385,"LEMA","All","family","family"
"3289",0.865146998148901,-0.114205006162739,-0.0990468569002375,-0.0145042754981335,0.0404660604141904,"LEMA","All","family","family"
"3290",0.870629938327739,-0.187145087990633,-0.00517192956961265,-0.0573564107763995,0.00165109415478668,"LEMA","All","family","family"
"3291",0.872091220823492,0.0455371452362674,-0.0767421723336896,-0.0536871357546691,-0.0186786905673588,"LEMA","All","family","family"
"3292",0.864083848794652,0.126787421269518,-0.0388533820709493,0.0424568375514206,0.0242378578253675,"LEMA","All","family","family"
"3293",0.861377123075127,0.0681205640321259,-0.0139288557182012,-0.132753384976672,0.0974725663975741,"LEMA","All","family","family"
"3294",0.870777145653742,-0.099304706351459,-0.0391664000889861,-0.0979692930855003,0.00914124817646528,"LEMA","All","family","family"
"3295",0.858338801493981,0.0857428308632295,-0.0335970895362853,0.0309349430067176,0.0191071321280334,"LEMA","All","family","family"
"3296",0.869256893376878,-0.171524668149356,-0.0648224244891081,-0.0553477136479222,0.0457863271943949,"LEMA","All","family","family"
"3297",0.861705571300878,-0.11537626077555,-0.0204104455082649,0.0131304665279377,0.0386609581951614,"LEMA","All","family","family"
"3298",0.855832226408651,-0.0146394937917472,0.0150286976492959,-0.0594388202843894,-0.000576093458540063,"LEMA","All","family","family"
"3299",0.868289220490154,0.00041923237350594,-0.044273700858503,-0.0501655079619051,0.0166037244214533,"LEMA","All","family","family"
"3300",0.856537431869991,-0.0872317331928428,0.0144054327814425,-0.00320586517905397,0.0140440907968707,"LEMA","All","family","family"
"3301",0.866500051053381,-0.143557109458707,-0.0321295841244609,-0.0438012697347278,-0.0231799967659296,"LEMA","All","family","family"
"3302",0.860541249583144,-0.0602597876574814,-0.0308470799545922,-0.0149631735071836,0.0120320236701765,"LEMA","All","family","family"
"3303",0.858491306921331,-0.0971686998789832,-0.034037267302672,-0.0835077255896205,0.0542626326846552,"LEMA","All","family","family"
"3304",0.868920782900493,0.0661809628649697,-0.0317848751141449,-0.0600318788850171,-0.0577074138255459,"LEMA","All","family","family"
"3305",0.864323977582145,-0.172273943472624,-0.0195909629129416,-0.0420735166619479,-0.026455168649278,"LEMA","All","family","family"
"3306",0.859391722090763,-0.108531208970236,-0.048185913286715,-0.0803656944927781,0.0175986195818879,"LEMA","All","family","family"
"3307",0.851533763859097,-0.126303092257196,0.00523586511775687,0.0347257940972546,0.0376603652591124,"LEMA","All","family","family"
"3308",0.867029629511968,-0.0960223699962326,-0.0603740339673315,-0.0805722414095226,0.0831846612087087,"LEMA","All","family","family"
"3309",0.856398253446456,0.0277307048801605,-0.0596929465285573,0.0717787996268568,0.000472692437642905,"LEMA","All","family","family"
"3310",0.863207693138555,-0.00644194277111043,-0.0464129433229854,-0.0809570482725541,0.0972259061172927,"LEMA","All","family","family"
"3311",0.870346312424094,0.0370973856919918,-0.0736132336058604,-0.114876905527847,0.0482450280314031,"LEMA","All","family","family"
"3312",0.872301624873137,-0.0464120704985501,-0.0826783979059367,-0.0689333066904855,0.0170565804204955,"LEMA","All","family","family"
"3313",0.860419572032211,-0.155937396708282,-0.0158599625874953,0.0193403792320334,-0.00637174964647908,"LEMA","All","family","family"
"3314",0.855351569466918,-0.0800022159171794,-0.0305233011819768,0.00753821715190932,0.00674297877517434,"LEMA","All","family","family"
"3315",0.853418935274834,0.106355398902845,-0.000687935632674996,-0.109395427186302,0.0986601006752418,"LEMA","All","family","family"
"3316",0.864901841716408,-0.191454605155517,-0.0498084562158809,0.0062660913698461,0.0201231338177949,"LEMA","All","family","family"
"3317",0.852606691174255,-0.11238180162812,0.00216901173897455,0.0115339307564733,0.0219253082168107,"LEMA","All","family","family"
"3318",0.861271641922557,0.0172180746534767,-0.0510517654661539,0.0254714790525963,0.0045043528511422,"LEMA","All","family","family"
"3319",0.871872605754198,0.0076339383993298,-0.0833971898399074,-0.055949791162962,-0.0091595579208648,"LEMA","All","family","family"
"3320",0.853835080492967,-0.03985861354091,-0.0152064840969339,0.000318968574609972,0.0810538175790074,"LEMA","All","family","family"
"3321",0.86475542619772,-0.0694790963643532,-0.0545598063421225,0.00373458227764299,0.0200382730942016,"LEMA","All","family","family"
"3322",0.861759796677367,-0.140952411322947,-0.0398770668731101,-0.064240600414223,0.0599866664669038,"LEMA","All","family","family"
"3323",0.856692998720648,-0.189842573350937,0.0161731335467612,0.0167479100476272,0.0367044010597818,"LEMA","All","family","family"
"3324",0.864847860602974,0.130464317190314,-0.0630338661872973,-0.0163878132805551,-0.00351745106115941,"LEMA","All","family","family"
"3325",0.849087797457176,0.0444685857664817,0.0110029204814017,0.105437109950111,-0.0139019040781371,"LEMA","All","family","family"
"3326",0.872842132162423,0.0515845390694334,-0.0770540518395267,-0.0988745051254399,0.0126037058048974,"LEMA","All","family","family"
"3327",0.869218383884883,-0.0821958347176703,-0.0321067532594561,-0.00702211584367004,0.0114891817719233,"LEMA","All","family","family"
"3328",0.864706005979749,-0.134734212530441,-0.0520440346618355,0.0371373827228556,-0.0419678204566822,"LEMA","All","family","family"
"3329",0.867380738043674,-0.0536939770178319,-0.00224802317204231,-0.0776316779674335,0.0239722769789672,"LEMA","All","family","family"
"3330",0.85422930093519,0.0468520982572975,-0.0341875908814505,-0.0697573986915868,0.0202826074211426,"LEMA","All","family","family"
"3331",0.856711324766345,-0.019016211652522,-0.0296255176381102,0.0174398567348724,0.0822854823359261,"LEMA","All","family","family"
"3332",0.857425665242903,0.00903196582484966,-0.0524318819093466,-0.0394770129524623,0.0229367402502962,"LEMA","All","family","family"
"3333",0.855480602977543,0.0160147202153498,0.0419477069486762,-0.11556777700819,0.0656429119846754,"LEMA","All","family","family"
"3334",0.870612758662476,-0.130324822954553,-0.0505125452522713,-0.0198493156212459,0.0692452131486588,"LEMA","All","family","family"
"3335",0.86405408687197,-0.0168662552625422,-0.0375492345963853,0.045408557220292,-0.0333576988452002,"LEMA","All","family","family"
"3336",0.864300259704032,0.198833036008384,-0.114024363759661,-0.0679476154495748,0.0807526191421551,"LEMA","All","family","family"
"3337",0.86348776480369,-0.104139916277971,-0.0682436421775598,0.0378246299913426,0.0875302218521157,"LEMA","All","family","family"
"3338",0.859079151978483,-0.0462051611887709,-0.0598063915719745,-0.0615156179627314,0.100564869467598,"LEMA","All","family","family"
"3339",0.853378565689637,0.0120386494030496,-0.0243999822398074,-0.0260431020155202,0.0408098304881304,"LEMA","All","family","family"
"3340",0.856929665560525,-0.192755157995923,-0.0321408114089929,0.0444709200671407,0.0148075461584509,"LEMA","All","family","family"
"3341",0.879658296516182,-0.233998368262593,-0.0814774031622779,-0.119391568879987,0.0221342311794947,"LEMA","All","family","family"
"3342",0.862037332142191,-0.175735506127735,-0.0348151138891551,-0.0653670432511834,0.0427892955105929,"LEMA","All","family","family"
"3343",0.866063756062777,-0.136057344234763,-0.0867680474823999,-0.0107669526160485,0.0511473139885372,"LEMA","All","family","family"
"3344",0.862333058369568,0.00445275290177727,-0.05953885934297,0.0178221336938367,0.00990698495931559,"LEMA","All","family","family"
"3345",0.861083950404751,0.143207949845999,-0.0337361398606426,-0.000735637508384008,-0.0133225102175874,"LEMA","All","family","family"
"3346",0.85398361233514,-0.146215696903667,-0.0222124395585929,0.0234570760809661,0.0805256930609941,"LEMA","All","family","family"
"3347",0.855758955032072,-0.104098663687204,-0.0265794465973651,-0.0515477022011164,0.00815583919004634,"LEMA","All","family","family"
"3348",0.864149771600882,-0.163415132274759,-0.0723557882121499,-0.108357482423125,0.0785042479107663,"LEMA","All","family","family"
"3349",0.869941937896923,-0.054809032502572,-0.0542470875207511,-0.148022860529747,0.0102774779144129,"LEMA","All","family","family"
"3350",0.850067118633597,-0.0785031413775069,0.0251925071921069,0.0124788683961611,0.0139469251145034,"LEMA","All","family","family"
"3351",0.855826857705737,-0.169705057848972,-0.00236756894577073,0.0233620538765863,0.0481446607438657,"LEMA","All","family","family"
"3352",0.873996906546782,-0.215908086322076,-0.0818489414566279,-0.0651951956735297,0.0158364646922474,"LEMA","All","family","family"
"3353",0.865176104605266,-0.232142458242027,-0.0319094489307622,-0.0817880546327094,0.0286015978204991,"LEMA","All","family","family"
"3354",0.86782610048216,-0.0374902699695321,-0.107258610755385,-0.0268643888757767,0.0381915611379157,"LEMA","All","family","family"
"3355",0.8570400181054,0.0298562847866444,-0.0494693783103426,0.0452163236591262,0.037799574826428,"LEMA","All","family","family"
"3356",0.861655002942328,0.0581567152309415,-0.042978544261662,-0.0771961053988132,0.0504924836664919,"LEMA","All","family","family"
"3357",0.857432364729141,0.148940313069561,-0.01746062550979,0.0116265707750339,0.0046005028939978,"LEMA","All","family","family"
"3358",0.859591944842053,0.0924146999327995,-0.0279601529782649,-0.00847978179546317,0.0500530932116173,"LEMA","All","family","family"
"3359",0.858302858974046,-0.010270392229439,-0.0561085290031752,0.018875724798375,0.0109765572786226,"LEMA","All","family","family"
"3360",0.862743066556522,-0.13932309528882,-0.0535773650260304,-0.0461075233327935,0.0352161532591393,"LEMA","All","family","family"
"3361",0.864823295618448,-0.0442310280124742,0.00623139331175637,-0.0251183475703022,0.00267728956453165,"LEMA","All","family","family"
"3362",0.862109709218831,0.0190419150461585,-0.0450282945140024,-0.00491524203307733,-0.0235686735372389,"LEMA","All","family","family"
"3363",0.8668183620738,-0.23917885564981,-0.0501673038536457,-0.0583892368545536,0.0364586412724737,"LEMA","All","family","family"
"3364",0.858609529549729,-0.0828015380179383,0.00859133829019321,-0.0339932280511424,0.016337296629819,"LEMA","All","family","family"
"3365",0.864122988220292,0.0740426391816362,-0.0343968104004301,-0.0797665926253987,0.0277485808944925,"LEMA","All","family","family"
"3366",0.854322014113485,0.0685412256829747,-0.00284209518470435,-0.0695702977302355,0.0666435428697478,"LEMA","All","family","family"
"3367",0.860287197691998,-0.173489155893971,-0.0674633240581592,-0.0876115599339971,0.0227277538292353,"LEMA","All","family","family"
"3368",0.860060522436794,0.0586871140760716,-0.00639056141337702,-0.0481647282837481,-0.00519277400448606,"LEMA","All","family","family"
"3369",0.871425618241891,0.00399305569597663,-0.0879809038382023,-0.0440362170741272,-0.0373094552168135,"LEMA","All","family","family"
"3370",0.864707749948988,0.11354943126007,-0.084527668876864,-0.0663039030672477,0.0159906253386204,"LEMA","All","family","family"
"3371",0.863983924301975,-0.156077454805004,-0.0537153973749157,0.0232033255265329,-0.0191128521835646,"LEMA","All","family","family"
"3372",0.860887618052819,-0.00433389187544619,-0.0679572639802571,-0.0557957703929631,0.00233252638647572,"LEMA","All","family","family"
"3373",0.88756968194832,-0.322459251498828,-0.0800342380747106,-0.0963554380794195,-0.0249071424915696,"LEMA","All","family","family"
"3374",0.870142963271463,-0.00423536284604531,-0.0523566794204376,-0.0610401543894929,0.00420739507923787,"LEMA","All","family","family"
"3375",0.87808595675331,0.0989258529228694,-0.100819883980208,-0.052956650987218,0.00366198996457168,"LEMA","All","family","family"
"3376",0.865731035775577,-0.0546545538738744,-0.0705129847059544,-0.0420589076938453,0.0254292010298522,"LEMA","All","family","family"
"3377",0.870649934387901,-0.212431494463228,-0.0814344098781584,-0.0826624789165498,0.0170791139259115,"LEMA","All","family","family"
"3378",0.856707639883114,-0.0269735390993128,0.000357382239543735,-0.0555546597518214,-0.00995892125982066,"LEMA","All","family","family"
"3379",0.84728895989204,0.0118024377224761,0.058440715512339,0.0434142961076536,-0.0582861746774193,"LEMA","All","family","family"
"3380",0.872386009366011,-0.247397991819038,-0.0781297467348409,-0.0463417210734229,0.0431028738773962,"LEMA","All","family","family"
"3381",0.85679531256858,-0.0811634328040683,0.00469161335847224,-0.0826247881865717,0.0485689213340348,"LEMA","All","family","family"
"3382",0.86398807913633,-0.194191797863786,-0.076103431806906,-0.0906717699284182,0.0178544058947149,"LEMA","All","family","family"
"3383",0.872760092216201,0.0968838035254167,-0.0957450702550476,-0.0242451351367194,-0.072298964398731,"LEMA","All","family","family"
"3384",0.865488013997347,0.00075393575093341,-0.0355529417038397,-0.104809271427549,0.0211351928264287,"LEMA","All","family","family"
"3385",0.858405764106998,-0.0830142652639961,-0.0121235426241328,-0.0530531770327768,0.00530523253538916,"LEMA","All","family","family"
"3386",0.853181049767796,-0.0444260020201364,0.0507771316408077,0.0250689851072695,-0.0183451399504924,"LEMA","All","family","family"
"3387",0.873434363392261,0.0601240977869499,-0.100093776337034,-0.120208653634273,-0.0309351248564216,"LEMA","All","family","family"
"3388",0.87012829806944,-0.110678673029327,-0.0657456969941596,-0.0940931926257321,0.0213146041400928,"LEMA","All","family","family"
"3389",0.851379882899403,0.108770942867083,0.0408897630460696,-0.0588454371986437,0.0224258474596821,"LEMA","All","family","family"
"3390",0.858017273080522,-0.107875306078536,-0.0247418722348154,0.0232082376984352,0.0353113283508456,"LEMA","All","family","family"
"3391",0.866626649848335,0.0755035718959174,-0.0713362403500711,-0.136691474610075,0.0433023511878531,"LEMA","All","family","family"
"3392",0.85445904115894,-0.0647458870425245,0.00783925836932675,-0.00274518136661627,-0.0149693016403017,"LEMA","All","family","family"
"3393",0.859793461212774,-0.0875555728598032,-0.0685517114604175,0.0132296037763909,0.00125707134431947,"LEMA","All","family","family"
"3394",0.860511939678757,0.15077857588542,0.00110979267601152,-0.0456347435337032,0.0265019595071814,"LEMA","All","family","family"
"3395",0.868656960268359,-0.0478919006574446,-0.0304270408224702,-0.0849113627871089,0.0116705860823039,"LEMA","All","family","family"
"3396",0.856317395416781,-0.250418510448255,0.037538303275767,-0.0960164635036923,0.0412480198122652,"LEMA","All","family","family"
"3397",0.860748530007506,-0.0334595674191523,-0.0660269596282861,-0.0725125701040868,-0.0126639844688813,"LEMA","All","family","family"
"3398",0.863920273755967,-0.0205991842026708,-0.0967047471822746,-0.0544384729003218,0.0352418538217493,"LEMA","All","family","family"
"3399",0.861677502698979,0.0661109019463602,-0.00939835803921973,-0.0368689808347509,0.0355750855489284,"LEMA","All","family","family"
"3400",0.849595223826691,-0.0134775468048195,-0.0382580385503249,-0.0432032806889187,0.1256918110709,"LEMA","All","family","family"
"3401",0.864297121078602,0.0245832284346996,-0.0805070784288335,-0.104385337139665,-0.00282604407111021,"LEMA","All","family","family"
"3402",0.866124196387816,-0.162810164379881,-0.0118829754764359,-0.0659556790193274,0.028149088117573,"LEMA","All","family","family"
"3403",0.864197167020288,-0.0991674296850827,-0.026785256138723,-0.09294421281987,0.06499310340583,"LEMA","All","family","family"
"3404",0.864376830219675,-0.0551072098888051,-0.0351710904203834,0.0396602514824684,-0.0211895801793159,"LEMA","All","family","family"
"3405",0.863824046877912,0.0501785709955755,-0.0491034734804519,-0.0438263317533677,0.0567681458948725,"LEMA","All","family","family"
"3406",0.868663298498829,-0.107512851001322,-0.0772333835114599,-0.128112536849338,-0.0295225851485853,"LEMA","All","family","family"
"3407",0.862492291919991,-0.0148472640855924,-0.00823318205944701,-0.0725606617238502,0.00581310289178613,"LEMA","All","family","family"
"3408",0.862224022290758,-0.0258479951926595,-0.00274999379737417,-0.0853022400084387,-0.00902034598154433,"LEMA","All","family","family"
"3409",0.850283464549333,-0.03470227475876,-0.00457842366664507,-0.0215360522222616,0.0195148317045239,"LEMA","All","family","family"
"3410",0.872359979206992,-0.127800240795651,-0.0710182273663781,-0.0918510335113442,0.00659641113795283,"LEMA","All","family","family"
"3411",0.850652728755178,0.00294781475623851,0.036544766132609,-0.0476846620905131,0.0444632052815613,"LEMA","All","family","family"
"3412",0.863165369482254,-0.10294692721176,-0.0417132230666311,-0.00309750034753008,0.0154969563318259,"LEMA","All","family","family"
"3413",0.875918756446241,0.00197846931886625,-0.122208300346023,-0.132004997016346,0.0196454478719851,"LEMA","All","family","family"
"3414",0.86601954676073,-0.213303901209507,-0.0538467247524624,-0.0884922156869941,0.0471471740387357,"LEMA","All","family","family"
"3415",0.857157096356128,0.00762997010981437,-0.0237325721097305,0.00783644968830268,0.0543979263732693,"LEMA","All","family","family"
"3416",0.868459735423004,-0.131962204474643,-0.0377404412678639,-0.0700028426445074,0.0557637690221543,"LEMA","All","family","family"
"3417",0.876349065578832,-0.11357388547509,-0.0765635987686323,-0.0612559334052084,0.050545963772733,"LEMA","All","family","family"
"3418",0.852364736602198,-0.0736675014138146,0.000684273931299328,0.0980635948055297,0.0278948109452934,"LEMA","All","family","family"
"3419",0.865953062185651,0.0339133084355725,-0.0676066472000468,-0.0366217344959797,-0.00302981146657266,"LEMA","All","family","family"
"3420",0.860850482471036,-0.116556405048052,-0.0477138678509478,-0.0820445455014326,0.0408196464989389,"LEMA","All","family","family"
"3421",0.86829160548525,-0.0680902983287129,-0.075663725089667,-0.0440710944000512,0.0158673605676713,"LEMA","All","family","family"
"3422",0.869191755474205,0.0202610524430586,-0.0765995343579796,-0.0583862421302558,-0.0187867102077713,"LEMA","All","family","family"
"3423",0.868561531880815,0.0610594169832879,-0.0304070295029313,0.0115698959564277,-0.0646180663429722,"LEMA","All","family","family"
"3424",0.860747599250619,0.111458459998446,-0.0146097804182374,0.000650189619401179,-0.051772525675529,"LEMA","All","family","family"
"3425",0.873614176905993,-0.0258114623441299,-0.0583560124161481,-0.0558975171674167,0.0292583597439131,"LEMA","All","family","family"
"3426",0.877147343900299,-0.121202044543643,-0.0937987745681379,-0.0904848192617524,-0.0290528864249437,"LEMA","All","family","family"
"3427",0.864893862855107,-0.129340963923889,-0.0195124588439134,-0.000420342352641202,0.033640846706027,"LEMA","All","family","family"
"3428",0.858250357375332,0.0346678887007545,-0.0303177415729021,-0.0350041485644728,0.0199237475745284,"LEMA","All","family","family"
"3429",0.874725212244216,-0.228962371969984,-0.0928651974070772,-0.0562089571252802,-0.00692164314461054,"LEMA","All","family","family"
"3430",0.857061441706284,-0.00711159276758722,0.0170475721228964,0.0118619390524627,-0.00135901230014255,"LEMA","All","family","family"
"3431",0.858472564675338,-0.00726504470158729,-0.0135833816273535,-0.0247535934906868,0.000313573129131306,"LEMA","All","family","family"
"3432",0.876774884813918,-0.119708166532663,-0.122428838100612,-0.0199190957185408,0.00962241790001112,"LEMA","All","family","family"
"3433",0.86532610997674,-0.133113525916933,-0.0429238721059199,-0.104204121786509,0.00938039721197637,"LEMA","All","family","family"
"3434",0.867016266133814,-0.135418079926971,-0.0634286746438228,0.0685457590949137,0.0479619653901315,"LEMA","All","family","family"
"3435",0.858940309673699,-0.133721151401123,-0.0582504508872773,0.00792926444406611,0.0868406339910224,"LEMA","All","family","family"
"3436",0.867918588938604,-0.12591387358037,-0.0182632553479048,-0.0501115579566151,-0.0377196127046652,"LEMA","All","family","family"
"3437",0.86717162190677,-0.0635848497306136,-0.0373965574277398,-0.0016608571086726,0.0417109356116589,"LEMA","All","family","family"
"3438",0.875137494691883,0.087322511719637,-0.0534070815454497,-0.146239557281761,0.0294450754653625,"LEMA","All","family","family"
"3439",0.853538628157191,0.0598804270291426,0.00408817687964125,-0.00916719416112946,0.0671634562449999,"LEMA","All","family","family"
"3440",0.87106181519746,-0.0934820794140707,-0.0608561139930708,-0.146388972220981,0.0121686906556188,"LEMA","All","family","family"
"3441",0.878620731749367,-0.141308475106935,-0.0714144692150487,-0.0880426820547673,0.00233379831360971,"LEMA","All","family","family"
"3442",0.866585199135418,0.0195000323237955,-0.0769415451201251,-0.0904294742067544,0.0303990396184435,"LEMA","All","family","family"
"3443",0.864074602627101,-0.0119635503329757,-0.00807838866814503,-0.0599783566071096,0.0181758255997691,"LEMA","All","family","family"
"3444",0.853990862805079,0.124027998882285,0.0261121207247126,-0.0431359175629944,0.0496079038660951,"LEMA","All","family","family"
"3445",0.868052077273691,0.0148955934825414,-0.0426364303587138,-0.0547276891663345,0.0260289566117455,"LEMA","All","family","family"
"3446",0.848113476680374,-0.138819466421015,0.0178777220891329,-0.0634204219465489,0.0534266171599966,"LEMA","All","family","family"
"3447",0.850913231568111,-0.0869944979169504,0.00139536768198334,-0.0931130372029966,0.176281360819058,"LEMA","All","family","family"
"3448",0.849384798535392,0.119308508736641,0.00148160449447343,-0.0139269152064012,0.0632095220388121,"LEMA","All","family","family"
"3449",0.857923113893918,-0.0386012624132849,-0.012661252146116,0.0372644034977344,0.0360372934341526,"LEMA","All","family","family"
"3450",0.870095773226268,0.00342023415212345,-0.0797516939206336,-0.0568952623695852,-0.00267931846751663,"LEMA","All","family","family"
"3451",0.865361341308258,-0.102811616674254,-0.0434126359843142,-0.0193946095805299,0.0125777586961734,"LEMA","All","family","family"
"3452",0.863965592389598,-0.183783329634658,-0.0680127781623685,-0.0367191705885988,0.0148931065021126,"LEMA","All","family","family"
"3453",0.855364610438053,-0.121154898851435,0.0463515903357445,-0.0545306382945555,0.0315370685315621,"LEMA","All","family","family"
"3454",0.857019033627901,-0.047534628581554,-0.0260915766313752,-0.0372049139345286,0.0404620788775422,"LEMA","All","family","family"
"3455",0.864557984676343,0.0242238235060606,-0.0663637618778965,-0.0296628614800642,0.000521937762900043,"LEMA","All","family","family"
"3456",0.865942831563099,-0.132593053791437,-0.0634766228313444,-0.122196534186303,0.00739675918708761,"LEMA","All","family","family"
"3457",0.867445355364881,-0.190681728780792,-0.100508172710728,-0.0179119417243818,0.045160809929518,"LEMA","All","family","family"
"3458",0.850837232801062,-0.029715061461806,0.0169281824849281,0.0404912211739371,-0.00190028761415009,"LEMA","All","family","family"
"3459",0.862917779675139,-0.0190222017299039,-0.0542162782720523,-0.0350316213263337,0.00966595022526238,"LEMA","All","family","family"
"3460",0.87159239025304,0.0497606179285697,-0.0637823621982344,-0.0381982536732382,0.0190880017676831,"LEMA","All","family","family"
"3461",0.871633357198784,-0.081888521232012,-0.0662484239389394,-0.114730809016394,0.023988925743453,"LEMA","All","family","family"
"3462",0.866020804773856,-0.126033499443672,-0.00573079273850807,-0.0193126343917817,-0.0315500640717976,"LEMA","All","family","family"
"3463",0.857232593160028,-0.0918403862394145,-0.0446922683336405,0.00217595162261681,0.0538735662445083,"LEMA","All","family","family"
"3464",0.866562011425369,-0.030364583444374,-0.0238766451119402,-0.0812430548517023,0.0638947280996501,"LEMA","All","family","family"
"3465",0.866853193129037,-0.141716658476908,-0.0364677994357951,-0.0222335140188982,0.0120115039604471,"LEMA","All","family","family"
"3466",0.86343099783918,-0.0326598264579356,-0.0709285242717405,-0.00819446167639499,0.0128206978507588,"LEMA","All","family","family"
"3467",0.846549127131081,-0.0406560796101483,0.0400771445886334,0.00858281422534503,0.0388832428877046,"LEMA","All","family","family"
"3468",0.87607267653908,-0.159434998796408,-0.0266290168291886,-0.0748319386468962,-0.00675513559533329,"LEMA","All","family","family"
"3469",0.868148857018995,-0.139081704984562,-0.0541636770604917,-0.155249860655407,0.0495168511543232,"LEMA","All","family","family"
"3470",0.868111248537024,-0.00485124465146236,-0.101147019882839,-0.0753860865936097,0.0343381519850103,"LEMA","All","family","family"
"3471",0.868767358152167,-0.260496585064304,-0.0245914337788963,-0.0521309120812908,0.0155970322586778,"LEMA","All","family","family"
"3472",0.872011469567314,-0.273157236633675,-0.0533792402718258,-0.0674493694445254,-0.0208621705894336,"LEMA","All","family","family"
"3473",0.875040916108253,-0.0493324481777895,-0.082787781024536,-0.0647988083776894,0.0528773783647137,"LEMA","All","family","family"
"3474",0.86459203423234,-0.0805240212953339,-0.0941929939764172,0.0663327135076674,-0.0197209435729503,"LEMA","All","family","family"
"3475",0.877650436915241,-0.121106033196125,-0.0633554175844117,-0.0833990903136231,-0.015558376165338,"LEMA","All","family","family"
"3476",0.864569101441269,-0.0947439325364854,-0.0159858339446096,-0.0770238620241776,0.0395276545252437,"LEMA","All","family","family"
"3477",0.85501433211876,0.0209464594156572,0.00482431331269506,0.0196781127035053,0.0466661257581116,"LEMA","All","family","family"
"3478",0.860165628909439,-0.0203362855714402,0.0307760153400032,-0.0370239482423182,0.0738510370177531,"LEMA","All","family","family"
"3479",0.865345038980756,-0.0188630779437252,0.0112543453404492,0.00756136802109734,0.0138132746330463,"LEMA","All","family","family"
"3480",0.862460834730155,0.141587369060383,-0.0256658584129975,-0.0519232125256409,0.0110709243226267,"LEMA","All","family","family"
"3481",0.870102708155713,-0.0424217005131016,-0.086737638090839,-0.196029311861186,0.0700825753356145,"LEMA","All","family","family"
"3482",0.859503424707158,0.240341047749292,-0.0550318816293404,-0.0310434188587671,0.0393481684697656,"LEMA","All","family","family"
"3483",0.858496328555293,0.121030877193551,-0.0450906831009315,-0.0700636007771377,0.00738468290958478,"LEMA","All","family","family"
"3484",0.871535770229143,-0.13331366902656,-0.0539062402937913,-0.105913223283206,0.0403192934211738,"LEMA","All","family","family"
"3485",0.858596803505574,-0.0860804021216707,-0.0166928537826256,-0.0936658554409993,0.0027669109572109,"LEMA","All","family","family"
"3486",0.862254780207114,-0.0526058760241631,-0.031536835434012,-0.0691801208698513,0.0387196547417878,"LEMA","All","family","family"
"3487",0.851250137384138,-0.0741524553930992,-0.0132957275649407,-0.13582833564808,0.1044679120584,"LEMA","All","family","family"
"3488",0.855834731692251,0.0611772366754155,-0.0601224971086709,-0.0579433419351227,0.0675029043344464,"LEMA","All","family","family"
"3489",0.862169116530071,-0.113935949315362,-0.0255640652520489,-0.116394711718012,0.0707209872756955,"LEMA","All","family","family"
"3490",0.859824276883222,0.0521262345619282,-0.0417210771716292,-0.0394068817834653,-0.0257452239212404,"LEMA","All","family","family"
"3491",0.858709318140631,-0.0626911061624496,-0.0102546265175327,-0.054841620142733,-0.00989591116008799,"LEMA","All","family","family"
"3492",0.857952435871021,0.0410900502073828,-0.0505225639290993,-0.0447450316148853,0.0506170824133844,"LEMA","All","family","family"
"3493",0.864184812220431,-0.127600016759611,-0.0431860565956586,-0.0427852809863896,-0.00760813547360621,"LEMA","All","family","family"
"3494",0.861907851490776,-0.148953044003502,-0.0222601259464509,-0.0743863443661225,0.0410509056409548,"LEMA","All","family","family"
"3495",0.862653536049574,-0.141879278373867,-0.018365997472497,-0.0715393158469239,-0.00320110710249362,"LEMA","All","family","family"
"3496",0.854510569664605,0.0662851559858078,-0.0506544089961164,-0.0383621325236063,0.03915373460845,"LEMA","All","family","family"
"3497",0.864978090655607,-0.0270909173257506,-0.0573051461166656,-0.0832905570433783,0.00191804559349901,"LEMA","All","family","family"
"3498",0.853747482029447,0.021324006592929,-0.0378160162943189,0.0893167602081056,-0.0100240377796688,"LEMA","All","family","family"
"3499",0.854859613194628,-0.087473510913913,-0.0146913475906769,-0.00256238085072795,0.0489750756236292,"LEMA","All","family","family"
"3500",0.869034753242886,-0.194477823119509,-0.0860782386049189,-0.0974190250162371,0.0303234663254898,"LEMA","All","family","family"
"3501",0.861856609468434,-0.0397388772035208,-0.0182421656197038,-0.0519550936513502,0.0482218532602824,"LEMA","All","family","family"
"3502",0.859788205686614,0.00406182328367133,-0.0188586516471201,0.00470374910366374,0.0327508378915836,"LEMA","All","family","family"
"3503",0.844328435725714,-0.0530947147220666,0.0619217684504378,0.0388814931410144,0.0848857393296975,"LEMA","All","family","family"
"3504",0.872316117982188,0.0419225407848429,-0.0614546194325599,-0.0237630572696122,0.0156608150637286,"LEMA","All","family","family"
"3505",0.858271135341064,-0.0015876547410405,-0.0406162889208208,-0.0249012599863895,0.0260073850684254,"LEMA","All","family","family"
"3506",0.854822917762967,0.114235264201754,-0.0183160261482725,-0.0509164983525072,0.011646405749737,"LEMA","All","family","family"
"3507",0.850961213099341,-0.0535088186326702,0.0291490380825992,0.0543975266193055,0.0663370206261258,"LEMA","All","family","family"
"3508",0.87676168772441,-0.062841523840602,-0.0883163994571344,-0.167684977267146,-0.00106424491962922,"LEMA","All","family","family"
"3509",0.866774992788789,-0.0677278080936727,-0.0180595596173444,-0.00155710218603891,-0.00382119143644775,"LEMA","All","family","family"
"3510",0.864725752016564,-0.075949484360762,-0.0573164644844075,-0.0284787050561713,0.0688120626680906,"LEMA","All","family","family"
"3511",0.861591984464484,-0.100402627947104,-0.0443288228975649,-0.0193035154061387,0.022773995879221,"LEMA","All","family","family"
"3512",0.861755646680633,0.0368381737466126,-0.0387542870416205,-0.0480928722748643,0.0591996356435033,"LEMA","All","family","family"
"3513",0.850005677057703,-0.129329254749705,0.00489575796477504,-0.0268358347361207,0.124918129304893,"LEMA","All","family","family"
"3514",0.857434344461744,-0.254763323533709,-0.053693228079123,-0.0305727066582204,0.102831186591966,"LEMA","All","family","family"
"3515",0.860445639931865,-0.134974895593854,-0.0221758643346537,-0.0338188131981875,0.0540067174067742,"LEMA","All","family","family"
"3516",0.851823689841459,0.0675143160890455,0.0133235825905886,0.0233082376074081,0.0299450120887509,"LEMA","All","family","family"
"3517",0.861864036485129,-0.129369343009581,-0.0738367267186864,-0.0658856742518747,0.0983118444431537,"LEMA","All","family","family"
"3518",0.868022242504243,-0.171173748317264,-0.0428212772158328,-0.0473255673953282,-0.0175065607771007,"LEMA","All","family","family"
"3519",0.861812203389808,-0.127943304337941,-0.0110077360028544,-0.0497166204331453,0.0539847286976107,"LEMA","All","family","family"
"3520",0.860207800946604,0.122705079569994,-0.0039319768140702,0.00068061154110796,0.0192851686682666,"LEMA","All","family","family"
"3521",0.864323190624161,-0.143922963081024,-0.068449451938755,-0.0185076817447203,-0.0246971490085208,"LEMA","All","family","family"
"3522",0.860891429390738,0.16315754510235,0.0127218260104278,-0.068270384830576,-0.0285991895624793,"LEMA","All","family","family"
"3523",0.873118283501351,-0.148799789004896,-0.0610698005962714,-0.0533513783188009,0.0516854353189111,"LEMA","All","family","family"
"3524",0.847202830113289,0.0489064781045343,0.0367680249041322,-0.0430916707622708,0.0292012571461086,"LEMA","All","family","family"
"3525",0.855902202989413,0.294689459751314,0.00988586889585052,-0.0280970764968673,0.0202667518721757,"LEMA","All","family","family"
"3526",0.859531633355016,0.0512344218799281,-0.0499103226010402,-0.0777355808691701,0.0125497839506019,"LEMA","All","family","family"
"3527",0.86166650905344,-0.011531922642312,-0.0214346628288645,-0.0609271291084871,-0.0387813005813145,"LEMA","All","family","family"
"3528",0.872278383540792,-0.172769773005189,-0.0301497878865944,-0.0849642870788613,0.00511115053821684,"LEMA","All","family","family"
"3529",0.862051020267832,0.110375154964082,-0.0491031288544765,-0.0552212993657757,0.0519308490762383,"LEMA","All","family","family"
"3530",0.864848846330786,-0.0255049881521924,-0.0494269346444058,-0.0294835440666402,0.0749116711636333,"LEMA","All","family","family"
"3531",0.859404470405622,-0.134253130548067,-0.055272496205505,0.0133017230183423,0.0818620916092498,"LEMA","All","family","family"
"3532",0.867901398246376,-0.246818581527092,-0.0574566749858376,-0.0435890014635999,0.0227521204556121,"LEMA","All","family","family"
"3533",0.870517535684588,-0.0869894789407486,-0.0980965344926688,-0.0503534048149947,-0.0435694249228208,"LEMA","All","family","family"
"3534",0.857428541988546,0.0713403927195331,0.0266221879668647,-0.0514210691064114,-0.00495299029920826,"LEMA","All","family","family"
"3535",0.84592061311575,-0.0868771980294515,0.0251906860025382,-0.0992155363223843,0.142711843305177,"LEMA","All","family","family"
"3536",0.852883963209941,-0.0529429900546761,0.00482554137788505,-0.00476204648221132,0.00543752413149394,"LEMA","All","family","family"
"3537",0.874737119588234,-0.114728476272143,-0.118707719266926,-0.0850057595251136,-0.00506573838438391,"LEMA","All","family","family"
"3538",0.865356754485697,0.00554705133535061,-0.0518718666668627,-0.107016619651949,0.0749661945846379,"LEMA","All","family","family"
"3539",0.866499339141248,-0.0327798196646399,-0.0523376976441507,-0.0641869895532658,0.0803871765296557,"LEMA","All","family","family"
"3540",0.866780728629863,-0.14026102208934,-0.0632164681571398,-0.0529674853034284,0.044987279299135,"LEMA","All","family","family"
"3541",0.860065530992509,-0.209719740609251,0.00998321980292727,0.00644430764379036,0.081073740623583,"LEMA","All","family","family"
"3542",0.862840338587662,-0.111693106929629,-0.0390688628898477,-0.0489897111215639,0.0769603689690278,"LEMA","All","family","family"
"3543",0.852890521777654,0.0306987428407366,-0.014476641689901,0.0102670598437061,0.10693048610975,"LEMA","All","family","family"
"3544",0.86771677214748,-0.00911122974394252,-0.0161310211078217,-0.0811432416222891,-0.0258803648048301,"LEMA","All","family","family"
"3545",0.866237021342422,0.072380425196195,-0.0407240848662264,-0.0695355110741523,0.0113777479461453,"LEMA","All","family","family"
"3546",0.852294598065476,-0.197301667008781,-0.0146894904801962,-0.0253966401679769,0.0982421595249303,"LEMA","All","family","family"
"3547",0.873173324273471,-0.0418409443793244,-0.0911877267101009,-0.0916218271312259,0.00731714016087949,"LEMA","All","family","family"
"3548",0.848168410607574,-0.142863490085222,0.0311142051706568,-0.0147137311519168,0.060622186948218,"LEMA","All","family","family"
"3549",0.866532207315518,-0.0911654639466254,0.0222440334052565,-0.11243554895423,0.00181905567494259,"LEMA","All","family","family"
"3550",0.867457110125947,-0.0927366848287764,-0.0893193334866247,-0.0148648724518943,-0.00428997542343667,"LEMA","All","family","family"
"3551",0.864300179001163,-0.187108406503672,-0.040534607425743,-0.0586573372963473,0.0493229006930328,"LEMA","All","family","family"
"3552",0.872760302940333,-0.215315149203233,-0.0715545567874044,-0.0462692519307577,-0.0110851362125421,"LEMA","All","family","family"
"3553",0.861586771847592,-0.134642838523247,-0.0211814030282629,-0.0328517533598389,0.0707403075177161,"LEMA","All","family","family"
"3554",0.873002545294179,-0.136886294150029,-0.0697029327058095,-0.0341500367361611,0.00581854830930483,"LEMA","All","family","family"
"3555",0.859574139767289,-0.0199933366644629,-0.0390976063015364,-0.0501695127543777,0.128786672773026,"LEMA","All","family","family"
"3556",0.854686468893406,-0.0187581715537429,0.0234525365794582,-0.00974758271026773,0.0851758266656191,"LEMA","All","family","family"
"3557",0.871987154389628,-0.20199206109866,-0.0768948333992526,-0.140666606348063,0.0379122696358246,"LEMA","All","family","family"
"3558",0.86192377871156,-0.00415916667677663,-0.0274976033049258,-0.0135975450445215,0.0389473754656683,"LEMA","All","family","family"
"3559",0.871191275948458,-0.0556112051471253,-0.0556552048368467,-0.0792089926667333,0.0211340325706976,"LEMA","All","family","family"
"3560",0.864352328073162,-0.0198618231157511,-0.0394694265774674,-0.0538945668791468,0.0187280831107266,"LEMA","All","family","family"
"3561",0.877783120207266,-0.168283360145244,-0.0456627800417162,-0.00105366876584605,-0.0713044892681919,"LEMA","All","family","family"
"3562",0.866022698024065,-0.137174679893181,-0.038938573556661,-0.0373319303940436,-0.0158931047548248,"LEMA","All","family","family"
"3563",0.848952267798739,0.00539100883594856,-0.0274397944386036,-0.038370611615664,0.050079142792269,"LEMA","All","family","family"
"3564",0.85979454409897,0.108354603624113,-0.056776490780986,-0.0957625681027108,0.132544042299078,"LEMA","All","family","family"
"3565",0.873420561885958,-0.0499289367475569,-0.0593969289565068,-0.0510265010904362,0.000706170576107628,"LEMA","All","family","family"
"3566",0.851326684064528,0.0902480500113489,-0.00281443034203144,0.0399444272090099,0.00091420783712947,"LEMA","All","family","family"
"3567",0.860262858861772,-0.11498947431362,-0.0144128984711178,-0.0893029356068818,0.0556895413410622,"LEMA","All","family","family"
"3568",0.852157391358563,-0.0822387656414841,-0.00169341099442288,-0.0238361602895677,0.0448989277547795,"LEMA","All","family","family"
"3569",0.848967271073912,0.0892835758598323,-0.0284765379306949,-0.020132212161472,0.0818479006827032,"LEMA","All","family","family"
"3570",0.859048687241871,-0.0277361415811693,-0.0191634552826516,-0.0520986316838668,0.0519990390025781,"LEMA","All","family","family"
"3571",0.856533730799426,-0.156913105029616,-0.011499502473088,-0.0606438785037112,0.0480443322886052,"LEMA","All","family","family"
"3572",0.872817135043579,-0.0787006341467733,-0.0761528018681944,-0.134220224330876,0.0961710413968307,"LEMA","All","family","family"
"3573",0.850357027445528,-0.0870580708831228,-0.0393470563059888,-0.0315353180249345,0.0421693758952929,"LEMA","All","family","family"
"3574",0.855697140763796,0.0178999809874094,0.00185960930218299,-0.0556777128388535,0.0903875617514087,"LEMA","All","family","family"
"3575",0.868527023804357,-0.039045358244416,-0.0744164725276574,-0.0940498940134459,0.00594358356553639,"LEMA","All","family","family"
"3576",0.842026599055671,-0.0479146431391161,0.0480799879348068,0.0573731916749118,0.0269116877807649,"LEMA","All","family","family"
"3577",0.865977121828468,0.085579251275838,-0.0381529643727959,-0.00797102199487013,0.0679403747224871,"LEMA","All","family","family"
"3578",0.860041723095324,0.0238370495270153,-0.0270676152643808,-0.0212708996731124,-0.00774249218675015,"LEMA","All","family","family"
"3579",0.859332978047054,0.132452918918258,-0.0207248482649073,-0.018061763937354,-0.0140793332765812,"LEMA","All","family","family"
"3580",0.861938520936513,-0.0678748983641356,-0.00741668183021438,-0.00936125820451247,0.0222900490073085,"LEMA","All","family","family"
"3581",0.844035354435085,0.0169024410074456,0.0129861383284704,0.0550709375322468,0.0489017847703868,"LEMA","All","family","family"
"3582",0.868219028641123,-0.119338856175662,-0.0909819460200342,0.0368916719948415,0.0431513300599822,"LEMA","All","family","family"
"3583",0.863696622617411,-0.0946560041721755,-0.0343693762070375,0.0519162715435425,0.0167161549723101,"LEMA","All","family","family"
"3584",0.86706720845957,-0.132438450147411,-0.0368594003232726,-0.0676147632977494,0.0297658636042693,"LEMA","All","family","family"
"3585",0.852416090816085,-0.139435535338634,0.0350233701020253,0.0282035433797389,0.0496724044249938,"LEMA","All","family","family"
"3586",0.851795972781027,-0.172924050004903,0.0121861880878347,-0.0024045035363691,0.0746621661645875,"LEMA","All","family","family"
"3587",0.863741637110834,-0.0457374313829636,-0.0148410171523214,-0.0885182471618332,0.00649702204940936,"LEMA","All","family","family"
"3588",0.865965236078691,0.0730334229422169,-0.0565912696363773,-0.0290356017426762,0.0125624185065362,"LEMA","All","family","family"
"3589",0.861335722695414,-0.0183073561936926,-0.0248435958118512,-0.084461114077051,-9.70982947624396e-05,"LEMA","All","family","family"
"3590",0.868577976881964,0.0483151701572679,-0.0406287106207238,-0.0521727238170063,0.0584151142590145,"LEMA","All","family","family"
"3591",0.876347125568111,0.00204479127319668,-0.0631515254763673,-0.106141046302955,-0.00106082551685914,"LEMA","All","family","family"
"3592",0.860648176471033,0.113903023694797,2.9452889106274e-05,-0.105196083227408,0.0515788047506414,"LEMA","All","family","family"
"3593",0.868601805727741,0.00998506411847799,-0.0822342027154936,-0.132211117617391,0.0566242510824798,"LEMA","All","family","family"
"3594",0.869109578593774,0.115788736026044,-0.0751381322081741,-0.101680848794734,-0.00213845211874071,"LEMA","All","family","family"
"3595",0.873143343061531,-0.025420454424911,-0.110656389736211,-0.111510209288658,0.0363372196132899,"LEMA","All","family","family"
"3596",0.851643169982347,-0.044789446924421,0.0250152754694812,-0.00352427781930662,0.0884709734839786,"LEMA","All","family","family"
"3597",0.866148252951589,-0.131684059287255,-0.056914771034304,-0.034652838624831,-0.00877507119238299,"LEMA","All","family","family"
"3598",0.856047816507228,-0.0967665845080062,-0.0216576880052907,-0.0198656981808036,0.0548088283955157,"LEMA","All","family","family"
"3599",0.850929831236061,-0.128058586463762,0.00476487097111788,-0.0612697043407683,0.050812982515529,"LEMA","All","family","family"
"3600",0.858473261084949,0.119587141839721,-0.024936134041544,-0.126225570708123,0.0531409271263229,"LEMA","All","family","family"
"3601",0.856561115480963,-0.225530583865713,-0.0223490161489733,-0.0769762478135938,0.0755814774147026,"LEMA","All","family","family"
"3602",0.85529102065422,-0.0878384822264708,-0.0156928084886886,-0.0659520066651491,0.0765675818600313,"LEMA","All","family","family"
"3603",0.85008320696031,0.0487907184889602,-0.0180691055305356,-0.00245306915546367,0.0407729543212655,"LEMA","All","family","family"
"3604",0.871920572573651,-0.0161354028844073,-0.0589783248518286,-0.0630639266466796,0.0113050710606435,"LEMA","All","family","family"
"3605",0.856917965056713,-0.00272920070451521,-0.0857156946409994,-0.0615542703060293,0.0881306676034969,"LEMA","All","family","family"
"3606",0.865522393433366,-0.112499164027785,-0.0202132001590984,-0.103417678632754,0.0207585057446393,"LEMA","All","family","family"
"3607",0.859958966404065,0.105211518092779,-0.0455476293346166,-0.0359940620158441,0.0154437183488692,"LEMA","All","family","family"
"3608",0.8629591168072,-0.00111356836230492,-0.0311038639321818,-0.0518132274466888,-0.0189877230061865,"LEMA","All","family","family"
"3609",0.851159865846176,-0.0900216151786075,0.00964435922931894,0.0632629745254642,0.0222078708655235,"LEMA","All","family","family"
"3610",0.869835752461397,-0.0568261795471982,-0.0478178776256989,-0.0638704992216468,0.0337341088740966,"LEMA","All","family","family"
"3611",0.853273297162251,0.00904885604017269,-0.0232234197786548,6.51370739540389e-05,0.0022003974700919,"LEMA","All","family","family"
"3612",0.872985078778159,-0.240024733993339,-0.0803511271677438,-0.0986859541156126,0.0467134785043259,"LEMA","All","family","family"
"3613",0.858995482003938,-0.0271770365362646,-0.00527026467839609,-0.000781427496259798,0.0354447333480764,"LEMA","All","family","family"
"3614",0.875917172658365,-0.274441261667978,-0.0629190931615513,-0.104305075449285,0.039322535891218,"LEMA","All","family","family"
"3615",0.867886042907457,-0.0506363458773471,-0.0659336719222219,-0.115439893726305,-0.0235168610694912,"LEMA","All","family","family"
"3616",0.844848526840924,-0.126937319530805,0.0372227667213216,0.00703519892128168,0.0225022330724631,"LEMA","All","family","family"
"3617",0.857713067190631,-0.0141126893831552,-0.0180966800121483,0.0367707486575788,0.000212133243554388,"LEMA","All","family","family"
"3618",0.849110359294543,0.00652620198002585,0.010614396150139,0.0190004128256456,0.0253771479147757,"LEMA","All","family","family"
"3619",0.864754485018023,-0.225958616730334,-0.0727706963309719,-0.0728465055043607,0.0132047108449095,"LEMA","All","family","family"
"3620",0.861640232395512,-0.103090617634257,-0.0355557347226029,-0.0705769187950353,0.0453949456182363,"LEMA","All","family","family"
"3621",0.860243363762646,0.162028241407497,-0.0464331896597815,-0.0692779570765977,0.0708486171509756,"LEMA","All","family","family"
"3622",0.862954177665208,-0.114744472531195,-0.102158556677869,0.0568608660501026,-0.024865906050389,"LEMA","All","family","family"
"3623",0.855989072924364,0.01684321676907,-0.0274913350845707,-0.0484904141092072,0.0257362034343718,"LEMA","All","family","family"
"3624",0.871045712129154,-0.0219462264380018,-0.101147434503503,-0.0964755005511874,0.0566757244145681,"LEMA","All","family","family"
"3625",0.862655507456498,-0.0630744423218803,-0.040086044559458,-0.0599566537867128,0.0519087368219143,"LEMA","All","family","family"
"3626",0.859354874191138,-0.0683207652633827,-0.00279446506678505,-0.027049832909994,0.0255755507114802,"LEMA","All","family","family"
"3627",0.863966196384509,-0.126392957278535,-0.0123298719803444,-0.102541172256566,0.0325481160528037,"LEMA","All","family","family"
"3628",0.862515412068776,-0.0832018455738791,-0.068661095106213,-0.0041662314231623,0.0215668019200508,"LEMA","All","family","family"
"3629",0.870544157417226,0.0760924153646485,-0.0855998192451106,-0.054359423367425,-0.0407798974731482,"LEMA","All","family","family"
"3630",0.868689481470674,0.00344292042491556,-0.0182765756007641,-0.0986883146799275,0.00175217129975072,"LEMA","All","family","family"
"3631",0.860625061743509,-0.126956977513793,0.00670040178046971,-0.128313011613082,0.0392801880050227,"LEMA","All","family","family"
"3632",0.865858495660646,0.136056416396219,-0.0557736932993591,-0.0716182184369498,0.022435826161689,"LEMA","All","family","family"
"3633",0.862600931330174,0.00617661384260582,-0.0313726106598694,-0.103640564824833,0.0479915206134077,"LEMA","All","family","family"
"3634",0.863853788081294,-0.00711174920243751,-0.0489278988383999,-0.0179307434651647,0.000125302797719063,"LEMA","All","family","family"
"3635",0.879967862098396,-0.154096728054792,-0.060888706129407,-0.092940503637703,0.0116326551924967,"LEMA","All","family","family"
"3636",0.868108203791318,-0.0866446721656494,-0.0603960803496065,-0.0493785025119273,-0.0231555997746096,"LEMA","All","family","family"
"3637",0.857771737442866,0.0120320807427627,-0.0298164021033864,0.0201736084589976,-0.0112126946312119,"LEMA","All","family","family"
"3638",0.872094971961347,-0.141482132733082,-0.0591600269947035,-0.0511166519915992,-0.0325418887348295,"LEMA","All","family","family"
"3639",0.850235304758558,0.00398433636183548,0.0279365576851862,0.00195978761351904,0.117659707463593,"LEMA","All","family","family"
"3640",0.872987060293773,0.203780362249705,-0.0702067716105133,-0.0167593230913572,-0.0777159227384088,"LEMA","All","family","family"
"3641",0.866640703674517,-0.0904504015934618,-0.0486393072465843,-0.0428063075361274,0.0235643411226622,"LEMA","All","family","family"
"3642",0.867869807767519,0.0549481465558295,-0.0380278833807824,-0.00138190431083241,0.0554471084792837,"LEMA","All","family","family"
"3643",0.849136330029248,-0.135994608526665,-0.00391668886681795,-0.0219867759662346,0.0540545396509574,"LEMA","All","family","family"
"3644",0.873899331592549,-0.28717586655466,-0.0533518227038519,-0.0930779174162977,0.0501587111420548,"LEMA","All","family","family"
"3645",0.860889717071542,0.0573031346876107,-0.0393460373110256,-0.0604976869073071,-0.0166233267033686,"LEMA","All","family","family"
"3646",0.862907335814269,-0.0595129338830906,-0.0414056253622429,-0.0726368990075576,-0.0064021743911831,"LEMA","All","family","family"
"3647",0.87265783608154,0.0112111362107814,-0.0523472647762105,-0.0479719741786824,0.0120662230443825,"LEMA","All","family","family"
"3648",0.861287015319688,0.152616166705783,-0.0380677453856249,0.00793512351715254,0.0137059082664595,"LEMA","All","family","family"
"3649",0.861535657898785,-0.151961069990976,-0.0406592087820912,-0.0766429372816652,0.0269229521944539,"LEMA","All","family","family"
"3650",0.857507676798918,-0.0149046115912649,-0.0123778068748627,-0.0777744601025865,0.0371954540958414,"LEMA","All","family","family"
"3651",0.86251740991705,-0.108344867462905,-0.00811863804482715,-0.054444222071459,0.0518872981142732,"LEMA","All","family","family"
"3652",0.847638472538557,-0.106703003709405,-0.00498478054129425,0.0215442569660828,0.0328897572611798,"LEMA","All","family","family"
"3653",0.862338531959679,-0.0246994723914408,-0.0329950931883163,-0.00188543732785516,-0.0417728322066553,"LEMA","All","family","family"
"3654",0.856191224172908,-0.0472782388607892,0.00301438893629613,-0.123581128478988,0.0605424773346888,"LEMA","All","family","family"
"3655",0.85265728249395,-0.0467634693886008,0.0114572853920463,0.000289454317328255,0.0173843752883436,"LEMA","All","family","family"
"3656",0.859832642510166,-0.043676929280166,-0.00157694572195111,0.0749341296253169,-0.028759507389792,"LEMA","All","family","family"
"3657",0.852799764018373,-0.0373567126389028,0.0395603652455987,0.0643481969650987,0.0338144369406814,"LEMA","All","family","family"
"3658",0.87185887741804,-0.0333430197410729,-0.0671127394785983,-0.0669632462041845,-0.0125561217188918,"LEMA","All","family","family"
"3659",0.868204290486595,-0.218568183229346,-0.0274110395149392,0.00108685206077121,-0.0170612614958513,"LEMA","All","family","family"
"3660",0.855616846116876,0.0881505101180158,0.022849139904894,0.00757144440354752,-0.0131399185629894,"LEMA","All","family","family"
"3661",0.858748770105493,0.0676365605578177,-0.0314928861861814,-0.0473344657612016,0.00460637227106491,"LEMA","All","family","family"
"3662",0.863774837849119,0.0438502181770675,0.00516364570366656,-0.00719878158351327,-0.0176980834244144,"LEMA","All","family","family"
"3663",0.849654222775021,0.0296240972595676,0.0165918169754755,0.0649747820685077,0.0453169308486034,"LEMA","All","family","family"
"3664",0.854674936870748,0.0726108419830735,0.0121301567232475,0.066032928355203,0.0545939144053398,"LEMA","All","family","family"
"3665",0.871145235683419,-0.120662508754296,-0.00877329759513334,-0.0225078145163678,-0.00678960522855516,"LEMA","All","family","family"
"3666",0.867335630807888,0.019240310622654,-0.0237331830478681,-0.0382035766024236,-0.0295383139985271,"LEMA","All","family","family"
"3667",0.849732903019014,-0.0429918356700647,0.00275753176868698,-0.00873608871552151,0.0509844735867208,"LEMA","All","family","family"
"3668",0.865591458741287,-0.0307144174858884,-0.0381062066436967,-0.0674656462463034,-0.0110438400445436,"LEMA","All","family","family"
"3669",0.872007125820721,0.0660163959264304,-0.0709296725061104,-0.094182938240682,-0.0217755997550996,"LEMA","All","family","family"
"3670",0.867501559245694,0.0529623813893907,0.0426262529858839,-0.112942953702873,0.0280077251540302,"LEMA","All","family","family"
"3671",0.86063595305896,-0.132964426320504,-0.0260768425621472,-0.016701373222028,0.0127395964889099,"LEMA","All","family","family"
"3672",0.858702538481652,-0.228129312859554,-0.0412593592946993,-0.0153348003552159,0.097548405855845,"LEMA","All","family","family"
"3673",0.871203054918211,-0.148757567536294,-0.0752155768826146,-0.111137489176331,0.015095281085917,"LEMA","All","family","family"
"3674",0.857667663002874,-0.131452960650217,0.0111741711214839,-0.0693182345677774,0.0245612070206713,"LEMA","All","family","family"
"3675",0.870296709141457,-0.0793873979657758,-0.0208263360471945,-0.109245739157416,-0.0218155490810787,"LEMA","All","family","family"
"3676",0.85789196209111,-0.138356923869024,-0.0351880679267565,-0.050569082466898,0.0653002999746038,"LEMA","All","family","family"
"3677",0.859779102013482,0.0767134383511374,-0.0478147409362351,-0.152313256187518,0.0891227468885469,"LEMA","All","family","family"
"3678",0.870525881616038,-0.0276356806523528,-0.0821560538951362,-0.105551481943104,0.00755854560972304,"LEMA","All","family","family"
"3679",0.867555420847749,-0.0183871962531795,-0.0676960755282576,-0.0663890559713001,0.035646932723986,"LEMA","All","family","family"
"3680",0.864240664862351,-0.0305390135414824,-0.00461997491944732,-0.0184047075234552,0.052401582520063,"LEMA","All","family","family"
"3681",0.856054294363379,-0.207335503507181,0.0251396518457323,0.0255754252032055,0.0617228407665934,"LEMA","All","family","family"
"3682",0.860714794790681,-0.0426564189105784,-0.026050317877697,-0.0395998113730229,0.0480777863770975,"LEMA","All","family","family"
"3683",0.852124748859463,-0.155579095305971,0.0104257287037823,-0.0165181998992335,0.073375263651003,"LEMA","All","family","family"
"3684",0.874276850187258,0.0141376062537704,-0.0734871005128354,-0.17930801657353,0.0845493367983123,"LEMA","All","family","family"
"3685",0.866467589057612,-0.0928122959115261,-0.0724212739073958,0.0201978380092844,0.0377873540094444,"LEMA","All","family","family"
"3686",0.851567082075605,0.111429334171999,0.0375127963517321,-0.0336204902801541,0.034338232750149,"LEMA","All","family","family"
"3687",0.861549026264559,0.0433730924612237,-0.0486420422736611,-0.0430862929818191,0.0806247419671449,"LEMA","All","family","family"
"3688",0.851334347267004,0.0262175246873002,0.00567437939612869,-0.0991776029732979,0.101791004598518,"LEMA","All","family","family"
"3689",0.856229917589095,-0.0702673276998167,-0.0188839062223788,-0.0540880908929108,0.0642244381828872,"LEMA","All","family","family"
"3690",0.864407111681438,0.0545481527182374,-0.0469825716319262,-0.0134420987953272,-0.00892871740661527,"LEMA","All","family","family"
"3691",0.856974175871683,-0.0794286691859865,-0.0492452298208816,-0.0226437101386787,0.0109657871940629,"LEMA","All","family","family"
"3692",0.868546365252923,-0.294172594456158,-0.0576276716870568,-0.118123572110575,0.0668492730147252,"LEMA","All","family","family"
"3693",0.869839937183815,-0.161906533723051,-0.0392026793733506,0.0095426876515963,0.0267721841527578,"LEMA","All","family","family"
"3694",0.855114909699683,-0.00811123437155459,-0.0335592098327004,0.0387784541258126,0.036599120139604,"LEMA","All","family","family"
"3695",0.863686863007179,-0.0852923841314001,0.0067866893100057,-0.0383945726580337,-0.0235189310663943,"LEMA","All","family","family"
"3696",0.861818032313642,-0.111827038678134,0.00663028402576571,-0.0442760121060709,-0.0311919381852082,"LEMA","All","family","family"
"3697",0.86008067185377,-0.00746282772115681,-0.0160157654742556,-0.126728967819339,0.0140275565785302,"LEMA","All","family","family"
"3698",0.860315310298874,-0.0324183461414491,-0.0543501447113447,0.0249672345158051,-0.0148626312444743,"LEMA","All","family","family"
"3699",0.866713879219562,0.0542107046755904,-0.0158730701448275,-0.102221320839016,-0.0464707962411836,"LEMA","All","family","family"
"3700",0.85035048991252,-0.015231935864126,0.0231196716685667,-0.0128987692905781,0.053218904363389,"LEMA","All","family","family"
"3701",0.845844090357583,-0.0212550739977767,0.0362249926244969,0.0451595247065289,0.0600615585291489,"LEMA","All","family","family"
"3702",0.863501950017468,0.0715923229123088,-0.0225003895900188,-0.0535061125923175,0.0020279129507077,"LEMA","All","family","family"
"3703",0.858133127905757,-0.0932532703558026,0.00152408707474128,-0.0752089509343144,0.0951168995975427,"LEMA","All","family","family"
"3704",0.863895265626589,-0.0840385907333232,-0.0261981908833282,-0.126670192164292,0.0276409975199804,"LEMA","All","family","family"
"3705",0.857317983586697,-0.00394105929788824,0.0052484433065918,-0.078769039358567,0.00479358505217411,"LEMA","All","family","family"
"3706",0.872474052882667,-0.109830048980354,-0.0367612731046981,-0.0688551651286704,-0.0427175900619511,"LEMA","All","family","family"
"3707",0.864099227042663,-0.183949345892091,-0.0154228111067131,-0.0424336975618226,0.0294113651413331,"LEMA","All","family","family"
"3708",0.860791074770943,-0.0959287488612341,-0.041927118252743,-0.048015006186402,0.0608717616328151,"LEMA","All","family","family"
"3709",0.874039593811547,-0.194136890248595,-0.0659133260610463,-0.0705311572736908,-0.0354955810322116,"LEMA","All","family","family"
"3710",0.867374421733871,-0.0536702220454394,-0.0911151568954209,-0.0309865228792279,0.0825277274155934,"LEMA","All","family","family"
"3711",0.85698594705334,0.074792483738243,-0.0882504594134037,0.0327935301068458,0.087986932774259,"LEMA","All","family","family"
"3712",0.858563471966208,-0.219034986397391,0.00243943576786343,-0.0648119102009837,0.0427178249267105,"LEMA","All","family","family"
"3713",0.846621401298117,0.0441970175502941,-0.0136533063405238,-0.0519071026398764,0.0690027166189796,"LEMA","All","family","family"
"3714",0.877998294943853,-0.025183529964053,-0.113732390812829,-0.135125382153903,0.010904428895418,"LEMA","All","family","family"
"3715",0.863759153713402,-0.145326271657491,-0.0358123386177347,-0.0456137351989203,0.0151102483975919,"LEMA","All","family","family"
"3716",0.863056074346039,-0.115714701368189,-0.0560214060458902,-0.000401782144410161,0.0380111804651388,"LEMA","All","family","family"
"3717",0.862787228478379,-0.0680315957495341,-0.0645609007791077,-0.0448142306368249,0.0315380878315755,"LEMA","All","family","family"
"3718",0.855065147163402,0.0213644994499775,-0.0134336918711083,-0.0500688275690385,0.0627530958232183,"LEMA","All","family","family"
"3719",0.863952433596954,-0.117013361076512,-0.0332463905690601,-0.00965795039265898,0.057114550277554,"LEMA","All","family","family"
"3720",0.856754174416554,0.0200877718308068,-0.0161997118247769,-0.00687712752899043,0.0184218208007472,"LEMA","All","family","family"
"3721",0.868474161032353,0.0625255091240868,-0.027735847164266,-0.00919166424106847,0.0611606877846966,"LEMA","All","family","family"
"3722",0.849819979983399,0.0968001905449087,-0.0305065563222375,0.000629870971736161,0.0425951378611287,"LEMA","All","family","family"
"3723",0.867169860786724,-0.170829184618258,-0.0446843107661855,-0.0620269960031265,-0.0546346248700512,"LEMA","All","family","family"
"3724",0.868898267096328,0.0358259301356629,-0.0570979011927604,-0.0799084227678605,0.0603038402266172,"LEMA","All","family","family"
"3725",0.858963114719663,0.0198600419949124,-0.0253986725763726,-0.0753000074769143,0.107619494615882,"LEMA","All","family","family"
"3726",0.875538720004259,-0.0632069338637514,-0.0618464799430791,-0.0162020746663543,-0.042712965570458,"LEMA","All","family","family"
"3727",0.853842198608588,-0.0447010171840712,0.0235988877090996,-0.0410617895721234,0.02281832302927,"LEMA","All","family","family"
"3728",0.856831072685262,-0.0908861864294883,-0.0269998872196093,0.0402823087285756,-0.027732730989745,"LEMA","All","family","family"
"3729",0.85270873307799,-0.0257802519446558,0.0156995881115007,0.051147764054239,-0.0283479016187231,"LEMA","All","family","family"
"3730",0.855006258728855,0.120127743817196,-0.0307683004485316,-0.000508493912509919,0.0463892280878071,"LEMA","All","family","family"
"3731",0.861203723741901,-0.20459529890506,-0.0194861145968978,-0.029446363122397,0.0536849950756504,"LEMA","All","family","family"
"3732",0.855066052748875,-0.0959183835670149,-0.0242907816905203,-0.00556777350052323,0.00343383210574811,"LEMA","All","family","family"
"3733",0.849228844168687,0.0545587147907545,-0.0131189528817828,-0.0357807205652705,0.0588015919135751,"LEMA","All","family","family"
"3734",0.85522691351715,0.118655641404682,-0.0364664214707853,0.039673274282997,-0.00223088160606368,"LEMA","All","family","family"
"3735",0.851422283443496,-0.0240401685793484,-0.000357963622068302,-0.00346909037463666,0.0367497242752134,"LEMA","All","family","family"
"3736",0.871150739851166,-0.0569750793948576,-0.0618317519225371,-0.000202433815164386,-0.0489106661968864,"LEMA","All","family","family"
"3737",0.86421246068057,0.0122013255500732,-0.0248500613499909,-0.0738734538308321,0.0405146520727886,"LEMA","All","family","family"
"3738",0.870932057330792,-0.0480834618151499,-0.039954707814213,-0.0938551810333687,0.0139944117886902,"LEMA","All","family","family"
"3739",0.861540333995215,-0.162267270603852,0.0306443015982878,-0.10173646325688,0.0655904940323633,"LEMA","All","family","family"
"3740",0.8641132837055,-0.135527815731948,-0.0704443292163714,-0.0183631914799644,0.0235534348020337,"LEMA","All","family","family"
"3741",0.855186328910795,-0.0677065736593681,-0.0185296994197988,-0.0126095337539206,0.049410397748604,"LEMA","All","family","family"
"3742",0.857427608540968,0.0465236452566014,-0.0106008282747631,-0.0190379123677447,-0.00493078804040456,"LEMA","All","family","family"
"3743",0.858868677814295,0.00151550382680643,-0.0180125082345286,-0.0233381958294651,0.111900098007446,"LEMA","All","family","family"
"3744",0.861883440026224,-0.137097095993637,-0.0354260799374089,-0.0649852835464123,0.0505263750235365,"LEMA","All","family","family"
"3745",0.845094003250219,0.064524017113577,0.0185980625799556,-0.0718694135085771,0.00437762718007475,"LEMA","All","family","family"
"3746",0.855397990072431,0.0612126735917846,-0.0181456425675098,-0.0481589648479055,0.0417480179330533,"LEMA","All","family","family"
"3747",0.868990545026585,-0.0348772846531449,-0.0745828439721018,-0.0433691776000251,0.0853792635251736,"LEMA","All","family","family"
"3748",0.865824285811364,-0.126443132354858,-0.0140022122996861,-0.0298888509929876,0.00629813923792506,"LEMA","All","family","family"
"3749",0.86031348690916,-0.111339975203826,-0.0460267227265787,-0.0498296642087794,0.0325787568763805,"LEMA","All","family","family"
"3750",0.879870751675244,-0.189437299071365,-0.0755912852153613,-0.0733637130039276,-0.0552777087293198,"LEMA","All","family","family"
"3751",0.864744168484574,0.125080648619228,-0.0711996509153858,-0.0426401990235366,-5.46559880531365e-05,"LEMA","All","family","family"
"3752",0.859249055326369,-0.063199383505274,-0.0348249472218776,-0.0809010493773488,0.0674278826964042,"LEMA","All","family","family"
"3753",0.864681112831044,0.0789819537348504,0.00777560291704749,-0.048414462773355,-0.0110591998091842,"LEMA","All","family","family"
"3754",0.869802328668283,-0.117927774775994,-0.0507772285320117,-0.0354584852970122,0.0381089169296536,"LEMA","All","family","family"
"3755",0.858223856577021,-0.221871974359841,0.0101788024413656,0.011670497457905,0.0871698113653696,"LEMA","All","family","family"
"3756",0.84758015212368,-0.041802052337539,0.00160947727763339,0.0367487440005531,0.0653144226517489,"LEMA","All","family","family"
"3757",0.872218306113016,-0.0570292275866514,-0.106472621362063,-0.118879223908012,-0.0296203565746677,"LEMA","All","family","family"
"3758",0.872948108297152,-0.153670690999382,-0.100985375996195,-0.0494284820430799,0.0165854329180701,"LEMA","All","family","family"
"3759",0.853334508256539,-0.125577905432334,-0.0362038600818845,-0.00691854751896047,0.0834789676615612,"LEMA","All","family","family"
"3760",0.851018908578784,0.104755505392795,-0.0225242036664238,-0.0894007594264441,0.0657060490039919,"LEMA","All","family","family"
"3761",0.870067076901827,-0.0825748478108185,-0.094221415272759,-0.0507382309380593,0.0663740797996948,"LEMA","All","family","family"
"3762",0.866967318532697,0.04159605229755,-0.0431733477586144,-0.0455113528443615,-0.0443548307468942,"LEMA","All","family","family"
"3763",0.852221204843505,0.0235929298169473,-0.0105230625500623,0.00230164284388927,0.0284271952345513,"LEMA","All","family","family"
"3764",0.854798228474191,-0.00755572607978705,0.0109967425609461,-0.00594636586831127,0.0317947404965573,"LEMA","All","family","family"
"3765",0.861520635682046,-0.0190276513481762,-0.0650395937735296,-0.0613439602970583,0.0354359058498294,"LEMA","All","family","family"
"3766",0.861357682446049,0.0628354244914453,-0.0318642829628422,-0.0478441744136619,0.0702869863901121,"LEMA","All","family","family"
"3767",0.869073309622376,-0.123726228572604,-0.0937897423334247,-0.0907508152291217,-0.0222756722538503,"LEMA","All","family","family"
"3768",0.857340563824855,0.0849965236488981,-0.0107189090038552,-0.135933832052665,0.0575187645613095,"LEMA","All","family","family"
"3769",0.87478946552081,0.0296931151803292,-0.09137517763425,-0.0509868777441957,0.0290610556331116,"LEMA","All","family","family"
"3770",0.866727427378678,0.156463281758581,-0.0574893352385991,-0.0737854249761476,-0.0350490439118801,"LEMA","All","family","family"
"3771",0.864265060190407,0.0177424173469238,-0.0327339432252457,-0.0820411716552393,0.0318152576465062,"LEMA","All","family","family"
"3772",0.848981289691513,0.0284655170501291,0.00523701351653383,-0.0116863820694607,0.0644117040210416,"LEMA","All","family","family"
"3773",0.863891014387386,0.0326634682100333,-0.0441617349368149,0.00164185428230586,0.0448298818216849,"LEMA","All","family","family"
"3774",0.870459709612959,0.0554487199633076,-0.0871330395896457,-0.0267283482704532,0.0358936483042576,"LEMA","All","family","family"
"3775",0.869552709162949,-0.161186374676875,-0.0703616859369566,-0.0289048669019286,0.0223173872293683,"LEMA","All","family","family"
"3776",0.845200173189063,0.179932616742848,0.00891044947097841,-0.117696700979814,0.104167020521536,"LEMA","All","family","family"
"3777",0.851977352981248,0.073418507124694,-0.0248096713031349,-0.145588544647889,0.0564400031600473,"LEMA","All","family","family"
"3778",0.867609463510788,-0.0411127242604017,-0.0566955930576574,-0.0526104233458917,-0.0160130744707066,"LEMA","All","family","family"
"3779",0.86522779547965,0.0677438248195696,-0.0743447288381713,-0.0516912036002481,0.00760698028721756,"LEMA","All","family","family"
"3780",0.868952212568188,-0.0331386059445009,-0.0826428540540497,-0.0385589305984746,0.0486685371770008,"LEMA","All","family","family"
"3781",0.849020370082644,0.0620501228127812,0.00788823120069049,-0.0237484020867583,0.0908167632114248,"LEMA","All","family","family"
"3782",0.862784319477144,0.0130451826692957,-0.065094825506552,-0.0189906655972002,0.0416578902888417,"LEMA","All","family","family"
"3783",0.863585444665182,0.00327036725694918,-0.0115591224863908,-0.0573723829938427,0.0260742318991737,"LEMA","All","family","family"
"3784",0.858578718496501,0.0576814047569458,-0.026692925454079,-0.0254387531273903,0.0978088443629771,"LEMA","All","family","family"
"3785",0.852325234723403,-0.111356419885522,-0.018864379863738,-0.0124639166529633,0.0912999680626643,"LEMA","All","family","family"
"3786",0.866029529732338,-0.0375153232400711,-0.0360117877138751,-0.0870679863120219,-0.00891077589787867,"LEMA","All","family","family"
"3787",0.852236173488432,-0.0419473690715514,-0.00148817696296233,-0.00140109311409526,0.0406319588827248,"LEMA","All","family","family"
"3788",0.861277373200604,-0.051633339478432,-0.065597049448231,-0.037071889324769,0.0429753758303427,"LEMA","All","family","family"
"3789",0.863848365150067,0.0813275871449002,-0.0414074777211492,-0.111051009607236,0.022105532947102,"LEMA","All","family","family"
"3790",0.866693889677145,-0.102380861878447,-0.0660939147810247,0.0172615479871436,0.0312292831317103,"LEMA","All","family","family"
"3791",0.853453502881269,0.158168180316378,-0.0419862598634496,-0.00383964172278293,0.0888670323445692,"LEMA","All","family","family"
"3792",0.872465792925035,-0.0533549249496933,-0.090682337450513,-0.00882201730977296,-0.00177194927930307,"LEMA","All","family","family"
"3793",0.870513661852991,-0.0128728479292708,-0.052782424602389,-0.0521600225240841,0.00454031914143399,"LEMA","All","family","family"
"3794",0.850099685079643,0.0501321643855044,-0.0257035905102997,0.0119423339111848,0.0329296475329776,"LEMA","All","family","family"
"3795",0.855549729119707,0.102588430906834,-0.00357497374000926,-0.0219637250607177,0.0802998735799568,"LEMA","All","family","family"
"3796",0.861869124651139,-0.0502009984426249,-0.0451123077822833,-0.042083624013287,0.0153376596276947,"LEMA","All","family","family"
"3797",0.87068956542014,-0.0288259913706009,-0.0651895601174229,-0.0326885040871969,-0.0190373950011309,"LEMA","All","family","family"
"3798",0.856514093301311,0.0288030990756236,-0.043447725418474,0.023639057168195,-0.0135197025123182,"LEMA","All","family","family"
"3799",0.863921514227774,0.177642084859365,-0.0292848483683853,-0.0730568541665707,-0.0367907102848499,"LEMA","All","family","family"
"3800",0.867044270514238,-0.201332074243376,-0.0323670669985647,-0.119033494569832,0.049087124978637,"LEMA","All","family","family"
"3801",0.871568652778003,-0.0217616759970791,-0.083027658509148,-0.112558878386486,0.0516205038754074,"LEMA","All","family","family"
"3802",0.85247627809362,0.290262424844542,0.0244936319959808,-0.00140855080974467,0.040377149398289,"LEMA","All","family","family"
"3803",0.867279544685455,0.0040190887931133,-0.0594498827879733,-0.0550771197073431,0.0478783407724645,"LEMA","All","family","family"
"3804",0.863671703464054,0.0315065908364118,-0.056863392970505,-0.0567553254739958,0.0381540483901616,"LEMA","All","family","family"
"3805",0.863795707957992,-0.129290954639722,-0.0197579262287891,-0.0339855865216458,0.014013992189909,"LEMA","All","family","family"
"3806",0.874636123770594,-0.0683975226674642,-0.116738157577717,-0.149732243573765,0.0409814776311293,"LEMA","All","family","family"
"3807",0.855624546432291,-0.0805468491791164,-0.0250357510374147,0.0616063295749277,0.0522100392691179,"LEMA","All","family","family"
"3808",0.86697655978573,-0.0882101804495877,-0.0596066088685085,-0.110943188939023,0.0107230188634575,"LEMA","All","family","family"
"3809",0.856173831935616,0.155098899805926,-0.0387872385729199,-0.0933488418706085,0.0446018995742944,"LEMA","All","family","family"
"3810",0.855254021363417,-0.0855010722971454,-0.00861098707384766,-0.044865028744597,-0.00647789167739591,"LEMA","All","family","family"
"3811",0.862907123083565,0.0306848301160805,-0.0331402523791454,-0.0980509030239864,0.0255089473617683,"LEMA","All","family","family"
"3812",0.858683240736097,0.10719430419979,-0.0463559041865069,-0.00401803285752057,0.0397476466897249,"LEMA","All","family","family"
"3813",0.856736839083092,0.168911948429804,-0.0347343562750876,-0.091371710297814,0.0567394118960962,"LEMA","All","family","family"
"3814",0.859009808055093,-0.130173715729655,-0.0481194532065501,-0.0281227327873928,0.033663947295085,"LEMA","All","family","family"
"3815",0.876596961241643,-0.0247646178069146,-0.0837444070587625,-0.0662306149064951,-0.0700822791752274,"LEMA","All","family","family"
"3816",0.880013202340045,0.0319103456577898,-0.0785427056271352,-0.113514110645228,-0.0680816567686432,"LEMA","All","family","family"
"3817",0.853765293244647,0.0668291351815835,-0.00739926888329756,0.0104196853637229,0.0376704595374191,"LEMA","All","family","family"
"3818",0.860432894228298,0.04131603468323,-0.0511188838411175,-0.0433363773293672,0.00771572850461991,"LEMA","All","family","family"
"3819",0.864894379741505,-0.0345064580311484,-0.045863724230529,-0.0601366079485423,0.0132167424425219,"LEMA","All","family","family"
"3820",0.864179513513011,-0.0905590381453298,-0.0745191379657244,-0.018763046092058,-0.0464943715725567,"LEMA","All","family","family"
"3821",0.860763559787044,-0.0379582873622515,-0.040592313683097,-0.0727687456774521,0.0442593914428146,"LEMA","All","family","family"
"3822",0.854857070640099,-0.0670016900671602,-0.0023070824770951,-0.0532439317819949,0.0676833453260214,"LEMA","All","family","family"
"3823",0.870473591173619,-0.0684706296604781,-0.0788905758708539,-0.0729483260941935,0.0124429316619021,"LEMA","All","family","family"
"3824",0.8747007336638,-0.160556158461344,-0.084483732379001,-0.126052427679744,0.0031346038841554,"LEMA","All","family","family"
"3825",0.868551057778947,-0.205049962573247,-0.0927557509052799,-0.0528916644842036,0.0160474394465505,"LEMA","All","family","family"
"3826",0.873364335341015,-0.211835315657415,-0.00110514142911589,-0.0571247808160786,-0.0444722812072772,"LEMA","All","family","family"
"3827",0.873744144740322,0.0670080095152428,-0.0707272241608057,-0.142242683339467,0.0399868677319542,"LEMA","All","family","family"
"3828",0.865241532638025,-0.0608083966668209,0.00369832987769692,-0.0868152702558238,-0.0277781073366052,"LEMA","All","family","family"
"3829",0.865134881610513,-0.0438848079595056,-0.0770775306757673,0.0273922153853868,-0.00626686609656712,"LEMA","All","family","family"
"3830",0.855346158565759,0.0156746519703137,-0.0101534344165275,0.000351635284350078,0.0578960453183979,"LEMA","All","family","family"
"3831",0.858494926704323,-0.120365899904075,-0.0166410595322679,-0.00744445860666571,0.00589642753811977,"LEMA","All","family","family"
"3832",0.861572638189637,-0.161316948796166,-0.0581155683419271,-0.0862056897753305,0.0360189229932713,"LEMA","All","family","family"
"3833",0.855088947672683,-0.000895643419350223,-0.0286269702092221,-0.0584322650440572,0.0599536476369676,"LEMA","All","family","family"
"3834",0.866051257437471,-0.11758173637107,-0.0598755054884438,-0.103733691756064,0.00548724099609778,"LEMA","All","family","family"
"3835",0.870971970544144,-0.1209293561235,-0.0246744646650535,-0.103104535185672,-0.013434561302008,"LEMA","All","family","family"
"3836",0.862443779057379,-0.169210550069934,-0.00301031286689513,0.0861420322191675,-0.0442612832078544,"LEMA","All","family","family"
"3837",0.868525921868353,-0.292886565667098,-0.0593063406872704,-0.059483485552304,0.042488619168922,"LEMA","All","family","family"
"3838",0.868504677203937,-0.0306996726437614,-0.0248893642140383,-0.0312684014675943,-0.021422155104142,"LEMA","All","family","family"
"3839",0.860709350540875,-0.0601872282852474,-0.0240345385012782,0.0176536308389944,0.0148028776643122,"LEMA","All","family","family"
"3840",0.868599210345706,-0.0594107936224333,-0.0437872993472086,-0.0190001958699529,0.0514011086273162,"LEMA","All","family","family"
"3841",0.860456113858579,-0.0509272930136319,-0.030097684651848,0.0193133965588336,0.0208911360677268,"LEMA","All","family","family"
"3842",0.87257346267107,-0.136596028219803,-0.073622927725946,-0.0104337160711068,0.0309315751008943,"LEMA","All","family","family"
"3843",0.866628020542864,-0.103149576435724,-0.0148012629322624,-0.00537863803955686,0.0695805930216468,"LEMA","All","family","family"
"3844",0.866137905409047,0.0456228552931772,-0.0703048641948165,-0.0844365335932642,0.0928626492574947,"LEMA","All","family","family"
"3845",0.865308569943915,-0.036788383975587,-0.104227590250752,-0.0362089682136205,0.0308288583840531,"LEMA","All","family","family"
"3846",0.865319721643548,-0.0924280398758508,-0.00961693594532165,-0.0759028475526563,0.00546108865071851,"LEMA","All","family","family"
"3847",0.850612535658776,0.00820476462181086,0.0227432179672462,0.0123561515782766,0.0696421466933978,"LEMA","All","family","family"
"3848",0.856690161977487,0.0283850035686295,-0.0661550901558602,-0.0249412817907113,-0.0162836314788464,"LEMA","All","family","family"
"3849",0.863728162511208,-0.0751220117626328,-0.0219012028240648,-0.0976737283100751,0.0335400377830273,"LEMA","All","family","family"
"3850",0.868515261910647,-0.13912123353619,-0.103827906173107,-0.131313292509345,-0.00483091246469652,"LEMA","All","family","family"
"3851",0.860992880224882,0.113708240427992,-0.0381335645886207,-0.0114297095297814,0.0096658792433947,"LEMA","All","family","family"
"3852",0.849276316686661,-0.102493770701062,0.0230583198592533,-0.00679346346277184,-0.0199587722792037,"LEMA","All","family","family"
"3853",0.855625764496428,-0.0570410091745903,0.00658788304208313,-0.0211143267277079,0.00965973132093151,"LEMA","All","family","family"
"3854",0.863266236192263,0.0331726378947683,-0.0059942498573744,0.0172833103562508,0.0194452072453019,"LEMA","All","family","family"
"3855",0.857330018080235,-0.0287962829853794,0.00750213056041904,-0.0289800769736261,-0.00438050706348652,"LEMA","All","family","family"
"3856",0.850632414916404,0.0137143227024534,0.0207620811540479,0.0150619003924702,0.0600975228939729,"LEMA","All","family","family"
"3857",0.860920342748297,-0.25945264575903,-0.0711741941476201,-0.0194651907009715,0.0897423093558002,"LEMA","All","family","family"
"3858",0.874837838255428,-0.0669321328250588,-0.0936834087028351,-0.0721646989792901,-0.0224075835182248,"LEMA","All","family","family"
"3859",0.868164295472889,-0.112666480822868,-0.049446903260734,0.0201208201628463,0.00318639847139132,"LEMA","All","family","family"
"3860",0.865778492938303,-0.0835432323536746,-0.0116815828796117,-0.0544052266289298,0.047690409241979,"LEMA","All","family","family"
"3861",0.861458303692102,-0.0708195358106065,-0.0440024762443895,-0.0234229667487086,0.0315546018715566,"LEMA","All","family","family"
"3862",0.87082841812374,0.0360091473526369,-0.0873503432698397,-0.0804606618755753,0.000220155902982411,"LEMA","All","family","family"
"3863",0.859348219826179,-0.0599210255604893,0.000289566455237367,-0.0698905320419417,-0.0419806819367594,"LEMA","All","family","family"
"3864",0.859189967359711,-0.156396293265503,-0.0468755435031649,-0.0975774550246584,0.0868522075887524,"LEMA","All","family","family"
"3865",0.867124354040963,0.0125629735875166,-0.0420541200073656,-0.0920256758863912,-0.020398482110688,"LEMA","All","family","family"
"3866",0.869894724524733,-0.0987086578292461,-0.0573951038555603,-0.104999230757786,0.0543402171643828,"LEMA","All","family","family"
"3867",0.872066288184813,-0.119726982148402,-0.0474034880530584,-0.0541676891338746,0.00393185274774791,"LEMA","All","family","family"
"3868",0.863527544370181,-0.0175006615251679,0.0210649087493127,-0.0786628292914984,-0.0289962815655755,"LEMA","All","family","family"
"3869",0.845503829838129,-0.057002958361701,0.0285405950573807,0.0699686539445378,-0.0001739717518007,"LEMA","All","family","family"
"3870",0.853954596911868,0.0569945448008276,-0.00868638446923453,-0.0395824568136994,0.0691934792884344,"LEMA","All","family","family"
"3871",0.866576594933501,-0.115610751756748,-0.0390469570276948,-0.0401316325301512,0.0233795429166047,"LEMA","All","family","family"
"3872",0.858266541507751,-0.0244103232939542,0.0520915680033462,-0.0565793444054622,-0.00820488624040221,"LEMA","All","family","family"
"3873",0.85326172580746,-0.0433927278681201,0.00719818661465177,0.0212838880090674,0.0495579187519581,"LEMA","All","family","family"
"3874",0.86705311357858,-0.0896315265602311,-0.101938127709816,0.0911100699327817,-0.0256807683584756,"LEMA","All","family","family"
"3875",0.851063270154813,-0.00176535912923659,0.00118404977343634,-0.0161591783898046,0.0121115936773356,"LEMA","All","family","family"
"3876",0.847813072543254,0.0504703925724923,0.0286321236183087,-0.0260198826290227,0.0187494878193994,"LEMA","All","family","family"
"3877",0.879810048057119,-0.213982657238655,-0.0511660865459569,-0.146925745560805,0.0253560468829642,"LEMA","All","family","family"
"3878",0.861924151400865,-0.102570847497275,-0.0339865745102279,-0.0928063680360052,0.0440381373456313,"LEMA","All","family","family"
"3879",0.863402953388546,-0.0369481789938576,-0.0198205443567171,-0.0586417837424525,0.0379889345894333,"LEMA","All","family","family"
"3880",0.870267183154161,-0.184757689754543,-0.0788073140068863,-0.113648001624399,0.0236232160005228,"LEMA","All","family","family"
"3881",0.863988340870296,0.0399851147289438,-0.00743053043187791,-0.0840288417353803,0.0727365040857289,"LEMA","All","family","family"
"3882",0.871416445922802,0.0271503594608213,-0.0931434231099945,-0.075207450049927,0.00267521393699724,"LEMA","All","family","family"
"3883",0.862997542864659,-0.109898050069276,-0.0487006168161047,-0.0885621667177357,-0.0103018385486423,"LEMA","All","family","family"
"3884",0.847268461650954,-0.0657273617902229,0.0264559479325763,0.0435211996583273,0.0324497843010299,"LEMA","All","family","family"
"3885",0.867076016666616,0.0296195226368001,-0.0165133537128345,-0.0370139102562907,-0.00966067343259915,"LEMA","All","family","family"
"3886",0.861360845281948,0.0293291493068151,-0.0137690414391215,-0.0871417913353401,0.0155054195293331,"LEMA","All","family","family"
"3887",0.864993597737302,-0.159266686651467,-0.0533723960774422,-0.0565299908132209,0.0601341707242427,"LEMA","All","family","family"
"3888",0.869334177847422,0.0247501355148858,-0.0157980143980614,-0.035033967599115,-0.0136959902239432,"LEMA","All","family","family"
"3889",0.866601839200358,-0.00963812078322868,-0.0604413954378539,-0.0389580457032779,-0.00423308544221387,"LEMA","All","family","family"
"3890",0.859521242116344,-0.0742373485141224,-0.0100843074043543,-0.0529306019976455,0.063038918516337,"LEMA","All","family","family"
"3891",0.850003971605327,-0.0496683417728861,0.0462540823742865,0.016091461273953,0.0477659318983167,"LEMA","All","family","family"
"3892",0.86865940969126,0.0265467645358222,-0.0651831852592211,-0.0991098508860223,0.0851577825471121,"LEMA","All","family","family"
"3893",0.874017656977448,-0.102410915073652,-0.0275761832951185,-0.10025474056957,-0.0054590280689163,"LEMA","All","family","family"
"3894",0.857439678382623,0.0410088994237818,-0.0336762384809772,-0.0426321358039918,0.0638342490553133,"LEMA","All","family","family"
"3895",0.867667449982321,0.0169579232109256,-0.0369204516308999,-0.0660523773667523,0.0104691757174016,"LEMA","All","family","family"
"3896",0.8599979340811,-0.0122827579529668,-0.0254493791803481,0.0153474179024956,-0.0401881700563257,"LEMA","All","family","family"
"3897",0.852160651064437,-0.0326470763328821,0.0170275232065364,-0.0787206806357943,0.0815711886558967,"LEMA","All","family","family"
"3898",0.874304942787792,-0.104133577799744,-0.086889765591437,-0.0599352527516245,-0.0177877777585062,"LEMA","All","family","family"
"3899",0.859748251347147,-0.0788480812549585,-0.00187096373243756,-0.0740114277731183,0.0233511199534208,"LEMA","All","family","family"
"3900",0.871623603696115,0.040677338221089,-0.0430783198035684,-0.161182505746642,-0.031938674998748,"LEMA","All","family","family"
"3901",0.859920469903981,-0.203655952275387,-0.0207447204949165,0.0401117872591005,0.0157589160866641,"LEMA","All","family","family"
"3902",0.863861570187822,0.0629886750379565,-0.0804618394463409,-0.018287808306949,-0.0367133681380602,"LEMA","All","family","family"
"3903",0.850915585880757,0.158763496374067,-0.0393015622446857,-0.0195978669304683,0.0761555681052386,"LEMA","All","family","family"
"3904",0.851490525832195,0.0313093902228956,0.00822691427997135,-0.0732210325796616,0.0410055703085449,"LEMA","All","family","family"
"3905",0.860289320690553,-0.00625310759389675,-0.03791970641971,0.0330145250234097,0.036627272373222,"LEMA","All","family","family"
"3906",0.870869856107308,-0.224119308529645,-0.0538116178213167,-0.10160550186108,0.0583061495768281,"LEMA","All","family","family"
"3907",0.863366652018889,-0.089598913901647,-0.0384657159085554,-0.105712115996867,0.0355703777782525,"LEMA","All","family","family"
"3908",0.868792205441853,0.003111736890824,-0.0449916460417269,-0.0893105654113705,0.0233488078263909,"LEMA","All","family","family"
"3909",0.868487259150757,-0.174745323227458,0.00912976020732348,0.000311400192648165,-0.0566257707429735,"LEMA","All","family","family"
"3910",0.872201253034595,-0.157740581307947,-0.0614430462398249,-0.0509283881587194,-0.0102496169108163,"LEMA","All","family","family"
"3911",0.858238217981299,0.012142105003156,0.0108305295976814,0.022776238832025,0.0432284099128825,"LEMA","All","family","family"
"3912",0.85476916360161,-0.0599063867902021,0.0208646041425811,0.0066146356929944,0.0526573495654922,"LEMA","All","family","family"
"3913",0.846149757622158,0.10610341208638,0.0415797354645402,0.114665045191115,0.020409881046901,"LEMA","All","family","family"
"3914",0.867551352866139,0.016695745205483,-0.0417742869615841,-0.097613903698975,-0.0584391826007878,"LEMA","All","family","family"
"3915",0.852785149253187,-0.104462237737666,-0.017683353609262,-0.0560743418079013,0.0595126306523381,"LEMA","All","family","family"
"3916",0.852980619220527,0.0206053378200235,-0.0316663266672274,-0.0241241971328026,0.0262209795590003,"LEMA","All","family","family"
"3917",0.871924845671171,0.0213467066598729,-0.0708272296574368,-0.0535878211316172,0.0161156186044822,"LEMA","All","family","family"
"3918",0.865983147790578,-0.219156464241886,-0.0467143602537605,-0.0606834621419634,0.0540474633824016,"LEMA","All","family","family"
"3919",0.863782220772084,-0.0255185946568994,-0.0403268708886833,-0.0867773691892869,-0.0114560887747095,"LEMA","All","family","family"
"3920",0.862641591939728,0.035610286953963,-0.0721960896186405,-0.124965951189004,0.0146437447882958,"LEMA","All","family","family"
"3921",0.873654289791237,-0.0408921836577126,-0.0235277551902089,-0.0942784723403789,-0.0242143372260043,"LEMA","All","family","family"
"3922",0.865421535372766,0.125502750412006,-0.0649635223770365,-0.114080658043466,-0.0221735256829124,"LEMA","All","family","family"
"3923",0.860907819313619,-0.0622477227243187,-0.0197043723437662,-0.0223641741457696,0.0472743845433958,"LEMA","All","family","family"
"3924",0.871187161431124,-0.0474857871082708,-0.0547149206358544,-0.0500940029424593,-0.0241937683750779,"LEMA","All","family","family"
"3925",0.864108010273244,-0.052653020006368,-0.0405470032559336,-0.0263731628425484,0.0434731869420688,"LEMA","All","family","family"
"3926",0.848685896536813,0.0713781927153188,0.0212437342542504,-0.0502494532083361,0.0827115826016837,"LEMA","All","family","family"
"3927",0.863103115217684,-0.158026486945078,0.0082873762186384,-0.0493745323514039,0.0189449224531409,"LEMA","All","family","family"
"3928",0.862240404567458,0.109184370455374,-0.0291992845476852,-0.0354343379848948,-0.000744094734475728,"LEMA","All","family","family"
"3929",0.854582836844742,-0.269409863948174,-0.0110988576605393,-0.0650858350981696,0.0796019867956923,"LEMA","All","family","family"
"3930",0.859892742043154,0.0592741846133187,-0.0628083381827006,-0.0560445194004938,0.0654663701974496,"LEMA","All","family","family"
"3931",0.864337596551275,0.0222665142310292,-0.00988902407241254,-0.13737559122944,0.06826851365319,"LEMA","All","family","family"
"3932",0.858793371213625,-0.0894946235797891,-0.0171964072185836,-0.0922467019409037,0.0836463047087801,"LEMA","All","family","family"
"3933",0.860956616542937,-0.103564287053788,-0.0479646049904461,0.0291319150547833,0.114268082821584,"LEMA","All","family","family"
"3934",0.877509918043095,-0.134830715391338,-0.065792042352634,-0.0798997823220603,0.0211215571758301,"LEMA","All","family","family"
"3935",0.85496718455188,-0.114839800359466,-0.0532339093532775,-0.0156206100075272,0.134564476053211,"LEMA","All","family","family"
"3936",0.873606825590639,-0.0944946667732571,-0.100828087229512,-0.114370059033652,-0.0329590171680843,"LEMA","All","family","family"
"3937",0.861857471009294,-0.0549411487632342,-0.0283233486532232,0.0169397315613999,-0.0202729823411756,"LEMA","All","family","family"
"3938",0.866663179980594,0.00681549157654926,-0.0648358363852097,-0.051590615362483,-0.00048435667248037,"LEMA","All","family","family"
"3939",0.875621701677935,-0.090857968346268,-0.0756621289614726,-0.0682987289836358,0.0485390700722768,"LEMA","All","family","family"
"3940",0.859418540578193,0.0609548369113029,-0.0634309628384064,-0.0785804487195982,0.0603718251998075,"LEMA","All","family","family"
"3941",0.857819572568976,0.121061099025682,-0.0514177094272826,-0.0163227505607737,-0.023943673201043,"LEMA","All","family","family"
"3942",0.855809429742672,-0.071236139648065,0.0273575774693759,-0.0117517434219467,0.055045451514297,"LEMA","All","family","family"
"3943",0.853927687025325,-0.13647478334047,0.0189256122388473,0.0670692244307979,-0.00598909300588952,"LEMA","All","family","family"
"3944",0.872073071502617,-0.158764328565915,-0.0906701255584125,-0.0280467266718266,-0.0465670523106298,"LEMA","All","family","family"
"3945",0.858890598779836,-0.129651119737337,-0.0242279328257775,-0.0491301828604894,0.0454372607714754,"LEMA","All","family","family"
"3946",0.857882502714351,-0.0178974364444044,-0.015191043270587,-0.0872749868598864,0.0186187200578198,"LEMA","All","family","family"
"3947",0.869364692015738,0.0841246016372346,-0.0472748534514796,-0.0461461521372255,-0.103556303820439,"LEMA","All","family","family"
"3948",0.863635496574723,-0.0762165506264588,-0.0136912428678846,-0.0600070845332983,-0.0362648443789668,"LEMA","All","family","family"
"3949",0.842509468545185,-0.0182400491437691,0.0213631565495767,0.0916298699018541,-0.0346777795469977,"LEMA","All","family","family"
"3950",0.879276608491722,-0.0513834473544337,-0.0669830582468927,-0.066319497753297,-0.0192054266563768,"LEMA","All","family","family"
"3951",0.86724049286987,-0.0609094033261315,-0.102216421480905,-0.111788022291417,0.00725756231508752,"LEMA","All","family","family"
"3952",0.858611016899697,-0.0591954785051368,-0.0220393893900317,0.014007102865095,-0.00672886295835993,"LEMA","All","family","family"
"3953",0.84430007057309,-0.0491760532939077,0.00947142226962483,0.0854294356065253,0.000235243113569244,"LEMA","All","family","family"
"3954",0.858576402065619,0.0152025089243177,-0.0229106824084665,-0.0207483499662914,0.061553979772782,"LEMA","All","family","family"
"3955",0.86960310402335,-0.0891436192481555,-0.0409412588971126,-0.0478043422719248,0.0338133858615232,"LEMA","All","family","family"
"3956",0.858870431553559,-0.039174298824263,-0.0179262495414365,-0.0505709379796771,0.0312710175922192,"LEMA","All","family","family"
"3957",0.869917940822489,0.0165605167406733,-0.0586593923115706,-0.0097064776112538,0.00171814286650964,"LEMA","All","family","family"
"3958",0.868175599806935,-0.0337013040866909,-0.0492921736560877,-0.0919440157070231,-0.00260042651667907,"LEMA","All","family","family"
"3959",0.857173990573778,-0.0585264449007137,0.0202765560079528,-0.00302763388286097,0.0560330794243757,"LEMA","All","family","family"
"3960",0.864560099102015,-0.0604758859758873,-0.0186567367888079,-0.0790095219851811,0.0224868318771897,"LEMA","All","family","family"
"3961",0.859807612310926,0.100260605163818,-0.0355144712582944,-0.0127973100663655,-0.0364938912445865,"LEMA","All","family","family"
"3962",0.852635629348652,-0.0391157807059892,-0.00894160927152099,0.0391780757993471,0.0616709897240743,"LEMA","All","family","family"
"3963",0.854334813315263,-0.0846972473992824,-0.00897225179980066,-0.029575502859243,0.0263178346959591,"LEMA","All","family","family"
"3964",0.848103140434762,-0.0314393997296172,0.0103827813739736,0.0700788373220953,0.0432150511469419,"LEMA","All","family","family"
"3965",0.853962702337553,-0.132709356262064,0.0679048403531497,-0.00124279744408541,-0.0130775224614659,"LEMA","All","family","family"
"3966",0.867474690374536,-0.0266429929488327,-0.0593028819737875,-0.0601355027296393,0.00941048221165373,"LEMA","All","family","family"
"3967",0.860054126604221,0.137972967560652,0.00797819537326783,-0.0746691753270481,0.0401668394502813,"LEMA","All","family","family"
"3968",0.877571953818628,-0.0137979084194978,-0.075626401219748,-0.10133474913904,-0.00556472415353895,"LEMA","All","family","family"
"3969",0.847815610875638,-0.103553992383501,-0.0182520042792047,-0.00569625204911491,0.0484786258284241,"LEMA","All","family","family"
"3970",0.859978875873178,-0.165795882174271,-0.0235949580547516,-0.0567740641383521,0.0508545349260889,"LEMA","All","family","family"
"3971",0.871800909285603,-0.133519429492168,-0.0643118313951234,-0.107979048877517,-0.0177096245291423,"LEMA","All","family","family"
"3972",0.874586858172307,-0.0794608747883905,-0.0269462529094764,-0.0990900827951226,-0.027199830126852,"LEMA","All","family","family"
"3973",0.861560757587344,-0.0709878643970339,-0.0248246450896314,-0.0319384619879604,0.0295446669335954,"LEMA","All","family","family"
"3974",0.857241461006823,0.161978893880066,-0.0105971384030397,-0.00717208302180329,0.0129507456402244,"LEMA","All","family","family"
"3975",0.861044341013862,-0.08995658924522,-0.0510348770552755,-0.0289658761693644,0.0493400732860481,"LEMA","All","family","family"
"3976",0.867264255397132,-0.00158270423893403,-0.0163905929672828,-0.0240724213413667,-0.0344773552455727,"LEMA","All","family","family"
"3977",0.872788590603012,-0.00336182501828286,-0.0511339164152111,-0.126574474676299,-0.0142926265853119,"LEMA","All","family","family"
"3978",0.863346426689003,-0.0749918843233264,-0.0156008757561404,0.0197485009711414,-0.0121648776607783,"LEMA","All","family","family"
"3979",0.864520037229279,-0.162876224778159,-0.0149061046457259,-0.0419399294789539,-0.0365771025630904,"LEMA","All","family","family"
"3980",0.856035167524985,-0.0866702218831504,0.00246122065709153,-0.120278015555319,0.0620594138959872,"LEMA","All","family","family"
"3981",0.864201612572601,0.213780004870564,-0.102958247062883,-0.131514674120917,-0.00501511352659994,"LEMA","All","family","family"
"3982",0.8594371868884,-0.141984074826867,-0.0294897468199535,-0.00901539712036778,-0.0159695863065753,"LEMA","All","family","family"
"3983",0.865893427743748,-0.142279415033553,-0.0648560953679241,-0.0293126639320812,0.00962068246471617,"LEMA","All","family","family"
"3984",0.866783825118479,-0.0214574041859823,-0.0367022115099649,-0.105382301175548,0.0278526171526982,"LEMA","All","family","family"
"3985",0.870560850122995,-0.0108014219054563,-0.0342275972303731,-0.0781517412431871,0.0179602730732488,"LEMA","All","family","family"
"3986",0.857389004585318,-0.144269937342403,-0.0306867025928469,-0.0328118762661782,-0.0195289066695264,"LEMA","All","family","family"
"3987",0.856950405655032,-0.184179928245961,-0.028120065630603,-0.00515392797236872,0.0561997863933631,"LEMA","All","family","family"
"3988",0.862766491304412,-0.159533297421384,-0.0579830922580511,-0.0350464081669208,0.0132328347716464,"LEMA","All","family","family"
"3989",0.868142157194481,-0.172901701914619,-0.0627094100822926,-0.0899387646299844,-0.0665529704814602,"LEMA","All","family","family"
"3990",0.855828204254805,-0.160712316405577,0.00362555194900982,-0.0911388891279003,-0.0227514095555062,"LEMA","All","family","family"
"3991",0.866014824897724,0.0744674026799843,-0.0184831231532026,-0.114725295592914,0.0442752737850236,"LEMA","All","family","family"
"3992",0.852510424712792,-0.284149671911832,0.00587985580891526,-0.0136765906342914,0.109578287709051,"LEMA","All","family","family"
"3993",0.853040835571062,-0.148281644041141,0.0216477930644043,0.00866331159474087,0.0609694518170881,"LEMA","All","family","family"
"3994",0.847677538817112,-0.0335954417037343,0.0118329688783401,-0.107803964628583,0.0884630371548293,"LEMA","All","family","family"
"3995",0.868932148561176,-0.0972483790702829,-0.0400861087051659,-0.0158230423436133,-0.0135300534184112,"LEMA","All","family","family"
"3996",0.862675446915098,0.0724447472041159,-0.0500384970740859,-0.0350027826196247,0.0109089593601996,"LEMA","All","family","family"
"3997",0.873886295873107,-0.12314079722414,-0.109130179412725,-0.0578545408838194,0.00481100501451898,"LEMA","All","family","family"
"3998",0.865112831123951,-0.0431314062065155,-0.0323280418947959,-0.0414364238848586,-0.0462570047032834,"LEMA","All","family","family"
"3999",0.868639920206606,0.051974038874921,-0.0722419117440021,-0.0323770428877647,0.0170722658198284,"LEMA","All","family","family"
"4000",0.863199783111823,-0.244781102065256,-0.0183756146501783,0.00862934974265228,0.0218974707267527,"LEMA","All","family","family"
